STATIONS_ID;MESS_DATUM;QN_3;  FX;  FM;QN_4; RSK;RSKF; SDK;SHK_TAG;  NM; VPM;  PM; TMK; UPM; TXK; TNK; TGK;eor
       5792;20180605;   10;  13.5;   4.0;    3;   0.0;   4;    4.050; 255;  -999;   7.3;  710.55;    3.7;   91.33;    7.8;    2.2;-999;eor
       5792;20180606;   10;  10.9;   4.0;    3;   6.0;   4;    6.250; 245;   7.2;   6.8;  712.31;    4.3;   81.38;    6.9;    2.8;-999;eor
       5792;20180607;   10;  10.1;   3.4;    3;   0.1;   4;    1.300; 240;   7.9;   7.4;  713.79;    4.5;   87.21;    7.0;    2.8;-999;eor
       5792;20180608;   10;  16.0;   4.9;    3;   0.0;   0;    7.067; 235;   7.8;   7.1;  711.92;    4.3;   85.25;    6.5;    2.6;-999;eor
       5792;20180609;   10;  14.9;   3.2;    3;  12.3;   4;    5.983; 225;   5.6;   7.5;  712.32;    4.4;   88.79;    7.9;    2.1;-999;eor
       5792;20180610;   10;  11.2;   5.1;    3;   1.7;   4;    4.583; 215;   7.3;   7.9;  713.38;    4.6;   92.83;    7.1;    3.0;-999;eor
       5792;20180611;   10;  22.2;   7.1;    3;   2.4;   4;    8.050; 205;   5.8;   7.8;  712.21;    5.9;   84.17;    8.4;    3.8;-999;eor
       5792;20180612;   10;  20.2;   5.8;    3;  22.7;   4;    4.650; 200;   7.0;   7.2;  708.46;    3.4;   91.88;    6.8;    0.7;-999;eor
       5792;20180613;   10;  10.4;   3.6;    3;  16.9;   4;    0.000; 195;   8.0;   5.8;  706.74;   -0.5;   98.29;    1.3;   -3.1;-999;eor
       5792;20180614;   10;   9.8;   3.3;    3;   0.0;   4;   12.900; 195;  -999;   4.4;  709.52;   -1.1;   77.79;    2.1;   -4.9;-999;eor
       5792;20180615;   10;   9.9;   3.3;    3;   0.0;   0;   12.650; 190;   3.0;   3.5;  711.57;    0.4;   55.33;    4.2;   -5.2;-999;eor
       5792;20180616;   10;   9.0;   3.1;    3;   0.0;   0;   10.083; 180;   4.6;   4.5;  712.66;    2.2;   62.13;    5.9;    0.5;-999;eor
       5792;20180617;   10;  10.9;   3.2;    3;  16.1;   4;    1.800; 180;   7.5;   6.2;  714.54;    1.7;   89.08;    4.8;   -0.8;-999;eor
       5792;20180618;   10;  11.1;   3.3;    3;   0.5;   4;    0.867; 175;   8.0;   6.5;  716.85;    1.1;   98.21;    2.3;   -0.2;-999;eor
       5792;20180619;   10;   8.9;   3.6;    3;   0.0;   4;    6.100; 170;   6.0;   6.4;  719.62;    3.0;   85.75;    5.5;   -0.2;-999;eor
       5792;20180620;   10;   7.9;   3.0;    3;   0.0;   0;   11.483; 160;   2.9;   6.9;  719.75;    7.3;   67.13;   10.9;    5.2;-999;eor
       5792;20180621;   10;  13.1;   5.5;    3;  17.1;   4;    4.550; 155;   5.8;   7.9;  716.25;    5.2;   88.88;    9.4;    1.2;-999;eor
       5792;20180622;   10;  16.9;   6.8;    3;   0.1;   4;    3.017; 150;   7.9;   4.6;  712.97;   -3.5;   96.75;    1.5;   -5.9;-999;eor
       5792;20180623;   10;  12.6;   5.1;    3;   0.2;   4;    6.583; 150;   7.3;   4.3;  713.89;   -3.6;   91.75;   -0.6;   -6.9;-999;eor
       5792;20180624;   10;  10.6;   4.2;    3;   5.1;   4;    3.767; 150;   7.9;   5.3;  712.87;   -1.6;   97.21;    0.2;   -3.8;-999;eor
       5792;20180625;   10;  11.5;   3.8;    3;   2.5;   4;    1.467; 150;   7.9;   5.1;  713.43;   -2.1;   97.67;   -0.8;   -4.0;-999;eor
       5792;20180626;   10;   6.9;   2.9;    3;   0.0;   4;    4.083; 150;   6.5;   5.4;  715.41;   -1.4;   96.88;    0.2;   -4.4;-999;eor
       5792;20180627;   10;  12.0;   3.4;    3;   6.8;   4;    0.833; 145;   7.8;   5.3;  714.18;   -1.6;   97.42;   -0.1;   -3.6;-999;eor
       5792;20180628;   10;  12.9;   3.7;    3;  22.8;   4;    0.000; 147;   7.9;   5.7;  711.75;   -0.9;   98.21;    0.7;   -3.2;-999;eor
       5792;20180629;   10;  11.9;   4.5;    3;   0.0;   4;    2.050; 140;   6.6;   7.5;  712.99;    3.2;   97.25;    5.9;    0.2;-999;eor
       5792;20180630;   10;  10.0;   3.4;    3;   0.0;   4;    9.900; 135;   3.7;   7.5;  713.82;    5.0;   85.17;    7.6;    3.3;-999;eor
       5792;20180701;   10;  15.1;   6.8;    3;   0.0;   4;    2.650; 130;   6.6;   8.2;  713.60;    4.7;   95.42;    6.0;    2.8;-999;eor
       5792;20180702;   10;  19.2;   7.0;    3;   0.0;   4;    6.083; 125;  -999;   8.6;  714.42;    6.4;   88.46;    7.9;    4.7;-999;eor
       5792;20180703;   10;  13.4;   5.0;    3;   6.8;   4;    1.333; 115;   7.8;   8.2;  715.75;    5.1;   93.50;    7.3;    3.0;-999;eor
       5792;20180704;   10;  12.2;   4.9;    3;   1.1;   4;    5.683; 115;   6.2;   7.0;  715.93;    3.8;   87.63;    6.6;    2.0;-999;eor
       5792;20180705;   10;  12.9;   4.9;    3;  23.8;   4;    1.933; 110;   7.6;   6.8;  713.74;    3.7;   85.75;    6.8;    0.7;-999;eor
       5792;20180706;   10;  13.5;   6.0;    3;  18.6;   4;    0.000; 100;   8.0;   6.7;  714.31;    1.3;   99.38;    2.2;    0.1;-999;eor
       5792;20180707;   10;   9.7;   3.8;    3;   2.2;   4;    1.450;  95;   7.9;   6.6;  717.26;    1.2;   98.88;    3.0;   -0.1;-999;eor
       5792;20180708;   10;   9.7;   3.9;    3;   0.1;   4;    0.333;  90;   7.8;   6.8;  717.32;    1.7;   98.42;    4.0;   -0.3;-999;eor
       5792;20180709;   10;   9.1;   3.4;    3;   0.0;   0;    5.667;  85;   7.5;   6.8;  716.29;    2.1;   95.13;    5.9;   -0.8;-999;eor
       5792;20180710;   10;  18.1;   6.7;    3;   5.5;   4;    1.167;  80;   7.6;   6.7;  712.60;    1.6;   97.42;    3.5;    0.0;-999;eor
       5792;20180711;   10;  19.1;   6.8;    3;   0.0;   4;    0.933;  75;   7.5;   6.0;  710.67;   -0.2;   99.17;    0.8;   -2.8;-999;eor
       5792;20180712;   10;  18.9;   7.0;    3;   0.0;   0;   11.400;  70;   2.7;   5.2;  713.51;    1.5;   76.00;    5.3;   -2.0;-999;eor
       5792;20180713;   10;  13.4;   3.5;    3;   0.1;   4;    7.633;  65;   4.1;   6.4;  716.65;    2.6;   87.29;    5.7;   -0.2;-999;eor
       5792;20180714;   10;  12.7;   4.1;    3;  10.1;   4;    3.183;  60;   7.3;   7.5;  717.12;    3.9;   92.17;    5.8;    2.1;-999;eor
       5792;20180715;   10;  12.6;   3.8;    3;   1.6;   4;    3.417;  55;   7.6;   7.0;  714.92;    3.4;   89.92;    7.0;    0.8;-999;eor
       5792;20180716;   10;  14.3;   5.3;    3;   0.2;   4;    3.933;  50;   7.5;   7.1;  712.54;    2.8;   95.38;    5.0;    0.7;-999;eor
       5792;20180717;   10;  13.8;   5.3;    3;   1.3;   4;    3.600;  45;   7.3;   6.7;  714.05;    1.6;   97.54;    2.9;   -0.3;-999;eor
       5792;20180718;   10;  10.3;   3.1;    3;   0.0;   4;    6.717;  40;   6.3;   7.2;  716.07;    3.5;   91.96;    7.0;    1.6;-999;eor
       5792;20180719;   10;   8.8;   3.3;    3;   0.0;   0;    9.250;   0;   3.9;   7.0;  716.12;    5.1;   78.83;    8.5;    2.8;-999;eor
       5792;20180720;   10;   9.6;   3.6;    3;   5.6;   4;    2.983;   0;   7.1;   8.1;  714.91;    5.2;   91.17;    8.0;    3.7;-999;eor
       5792;20180721;   10;  12.7;   5.0;    3;  12.5;   4;    0.150;   0;   7.9;   7.4;  711.41;    2.9;   97.71;    4.6;    1.7;-999;eor
       5792;20180722;   10;  11.0;   4.6;    3;  26.5;   4;    0.000;   0;   8.0;   7.0;  712.08;    2.0;   99.71;    2.9;    0.1;-999;eor
       5792;20180723;   10;   9.0;   3.1;    3;   0.1;   4;    1.833;   0;   6.9;   7.4;  714.85;    2.8;   98.79;    4.3;    1.1;-999;eor
       5792;20180724;   10;  10.8;   3.8;    3;   0.0;   0;   10.433;   0;   3.4;   7.5;  715.55;    5.7;   81.54;    9.2;    2.4;-999;eor
       5792;20180725;   10;  12.2;   2.9;    3;   2.7;   4;    7.783;   0;   5.2;   7.3;  716.29;    5.4;   81.38;    8.1;    3.6;-999;eor
       5792;20180726;   10;   8.0;   2.6;    3;   0.0;   0;    5.433;   0;   5.3;   7.6;  715.95;    5.5;   84.04;    8.1;    3.8;-999;eor
       5792;20180727;   10;  11.7;   3.3;    3;   0.0;   4;    8.900;   0;   3.5;   7.4;  714.91;    6.7;   75.21;    9.4;    4.7;-999;eor
       5792;20180728;   10;  15.8;   4.4;    3;   9.3;   4;    6.983;   0;   5.0;   7.6;  714.57;    6.0;   81.67;    8.9;    3.9;-999;eor
       5792;20180729;   10;  14.0;   4.5;    3;   0.0;   0;    9.950;   0;   6.4;   8.3;  716.80;    6.8;   84.17;   10.0;    2.6;-999;eor
       5792;20180730;   10;   8.8;   3.4;    3;   0.0;   0;   13.733;   0;   3.3;   8.7;  719.16;    8.4;   78.17;   12.1;    5.7;-999;eor
       5792;20180731;   10;   6.3;   3.0;    3;   0.0;   0;   13.633;   0;   2.2;   8.6;  720.23;    9.1;   74.67;   12.4;    7.4;-999;eor
       5792;20180801;   10;  12.2;   4.5;    3;   3.0;   4;    8.717;   0;   3.9;   9.1;  720.75;    8.9;   79.42;   11.2;    6.4;-999;eor
       5792;20180802;   10;  14.3;   4.8;    3;   3.4;   4;    3.600;   0;   7.4;   9.9;  720.98;    7.5;   95.92;    9.0;    6.1;-999;eor
       5792;20180803;   10;  14.1;   5.3;    3;   0.0;   0;    9.833;   0;   4.7;   9.5;  721.11;    8.7;   83.96;   12.6;    5.9;-999;eor
       5792;20180804;   10;   7.6;   2.5;    3;   0.0;   4;    8.767;   0;   3.4;   8.3;  720.38;    8.7;   74.13;   11.6;    7.0;-999;eor
       5792;20180805;   10;   7.5;   2.2;    3;   0.0;   4;    3.283;   0;   6.4;   9.8;  720.22;    7.8;   92.29;   11.3;    6.5;-999;eor
       5792;20180806;   10;  18.6;   3.9;    3;   0.0;   4;    8.767;   0;   7.0;   8.3;  719.25;    9.0;   72.33;   13.0;    6.8;-999;eor
       5792;20180807;   10;  19.4;   4.7;    3;   0.0;   0;    4.800;   0;   6.3;   8.2;  717.65;    8.3;   74.21;   10.3;    6.8;-999;eor
       5792;20180808;   10;  14.2;   5.0;    3;   0.2;   4;    6.583;   0;   6.3;   8.4;  717.55;    7.7;   79.46;   11.6;    5.8;-999;eor
       5792;20180809;   10;  16.8;   6.3;    3;  24.0;   4;   10.167;   0;   5.8;   7.9;  717.41;    8.3;   72.67;   12.6;    5.7;-999;eor
       5792;20180810;   10;  14.4;   4.7;    3;   7.0;   4;    0.417;   0;   7.8;   8.3;  718.50;    4.3;   99.63;    6.3;    2.3;-999;eor
       5792;20180811;   10;  12.0;   6.0;    3;   0.0;   0;    7.800;   0;   6.3;   6.8;  718.40;    2.6;   92.42;    4.9;    0.7;-999;eor
       5792;20180812;   10;  16.4;   6.8;    3;   2.4;   4;    9.050;   0;   4.1;   7.7;  716.81;    6.6;   77.92;   10.4;    3.6;-999;eor
       5792;20180813;   10;  19.2;   6.0;    3;  18.5;   4;    5.783;   0;   4.7;   7.9;  713.38;    5.8;   85.88;    8.8;    2.7;-999;eor
       5792;20180814;   10;  13.0;   4.4;    3;  10.6;   4;    0.317;-999;   8.0;   7.0;  713.30;    1.9;   99.67;    3.3;    0.7;-999;eor
       5792;20180815;   10;   7.5;   2.4;    3;   0.0;   0;    3.000;-999;   6.5;   6.9;  716.61;    2.3;   95.75;    5.2;   -0.2;-999;eor
       5792;20180816;   10;   8.4;   3.2;    3;   0.0;   0;   10.117;   0;   3.3;   6.7;  716.35;    5.3;   74.17;    8.7;    2.1;-999;eor
       5792;20180817;   10;   9.6;   3.3;    3;   0.0;   0;    7.117;   0;   5.0;   7.4;  716.34;    4.9;   85.08;    8.4;    3.2;-999;eor
       5792;20180818;   10;  10.3;   3.5;    3;   9.1;   4;    6.150;   0;   7.5;   8.2;  718.86;    5.8;   89.17;    8.2;    3.3;-999;eor
       5792;20180819;   10;   8.1;   2.7;    3;  12.1;   4;    6.767;   0;   5.2;   8.5;  719.88;    6.5;   87.58;    9.8;    4.1;-999;eor
       5792;20180820;   10;   7.3;   2.0;    3;   0.0;   0;    5.350;   0;   5.6;   8.5;  719.13;    6.2;   90.08;    9.4;    4.4;-999;eor
       5792;20180821;   10;  10.0;   2.8;    3;   0.5;   4;    8.633;   0;   4.8;   8.6;  719.07;    7.1;   85.54;   10.4;    4.6;-999;eor
       5792;20180822;   10;   8.3;   2.8;    3;   3.1;   4;    6.433;   0;   5.9;   8.4;  718.81;    7.6;   80.50;   10.3;    6.3;-999;eor
       5792;20180823;   10;  16.1;   4.0;    3;  20.7;   4;    2.983;   0;   7.7;   8.2;  716.26;    6.1;   86.79;    8.3;    3.0;-999;eor
       5792;20180824;   10;  13.4;   5.2;    3;  11.3;   4;    0.800;   0;   7.9;   7.6;  712.29;    3.2;   98.33;    4.8;    0.7;-999;eor
       5792;20180825;   10;  15.9;   4.8;    3;  12.0;   4;    0.767;   0;   7.9;   5.6;  708.33;   -1.2;   99.21;    1.2;   -4.7;-999;eor
       5792;20180826;   10;  11.8;   3.6;    3;   0.8;   4;    1.750;   8;   6.7;   3.4;  708.79;   -4.9;   82.17;   -1.2;   -7.1;-999;eor
       5792;20180827;   10;  15.8;   6.7;    3;   1.1;   4;    6.317;   4;   6.8;   4.6;  713.80;    2.0;   60.88;    5.0;   -2.7;-999;eor
       5792;20180828;   10;  13.5;   7.0;    3;   0.0;   0;   12.367;   0;   2.3;   5.6;  717.28;    5.8;   63.50;    9.5;    1.6;-999;eor
       5792;20180829;   10;  17.5;   6.1;    3;  17.5;   4;    9.133;   0;   5.9;   6.9;  715.99;    6.5;   71.92;   10.9;    2.7;-999;eor
       5792;20180830;   10;  16.9;   4.6;    3;  14.9;   4;    0.000;   0;   7.8;   7.2;  714.98;    2.2;   99.88;    3.3;    1.3;-999;eor
       5792;20180831;   10;   9.8;   4.1;    3;  41.1;   4;    0.000;   0;   7.7;   6.5;  712.97;    0.8;   99.46;    3.0;   -0.9;-999;eor
       5792;20180901;   10;   8.5;   2.9;    3;   6.3;   4;    0.000;  13;   8.0;   5.8;  713.01;   -0.7;   99.29;   -0.1;   -2.1;-999;eor
       5792;20180902;   10;  14.2;   6.6;    3;   0.0;   4;    4.283;   6;   7.2;   6.2;  712.80;    0.3;   98.96;    1.9;   -1.0;-999;eor
       5792;20180903;   10;   7.1;   3.3;    3;   0.0;   4;    6.350;   0;   4.8;   5.4;  711.19;    0.3;   85.54;    3.4;   -1.1;-999;eor
       5792;20180904;   10;   7.6;   3.1;    3;   0.0;   4;    0.100;   0;   6.6;   6.2;  712.43;    1.0;   94.67;    3.8;   -1.1;-999;eor
       5792;20180905;   10;   9.9;   4.1;    3;   0.0;   0;    8.750;   0;   3.3;   6.7;  714.42;    3.6;   85.17;    7.2;    0.9;-999;eor
       5792;20180906;   10;  10.8;   3.5;    3;   8.5;   4;    7.300;   0;   6.0;   6.5;  711.95;    3.7;   81.58;    7.6;    1.6;-999;eor
       5792;20180907;   10;  11.7;   4.0;    3;   7.7;   4;    0.383;   0;   8.0;   6.5;  711.93;    0.9;   99.71;    2.4;   -0.8;-999;eor
       5792;20180908;   10;  14.4;   7.7;    3;   0.0;   0;   12.900;   0;   2.8;   5.0;  716.05;    2.4;   69.79;    5.8;   -1.2;-999;eor
       5792;20180909;   10;  13.4;   6.6;    3;   0.0;   0;   10.150;   0;   3.8;   5.8;  718.79;    4.0;   70.88;    7.8;    2.1;-999;eor
       5792;20180910;   10;  12.3;   5.1;    3;   0.0;   0;    8.267;   0;  -999;   5.9;  720.28;    3.1;   76.71;    5.7;    1.2;-999;eor
       5792;20180911;   10;  13.1;   6.6;    3;   0.0;   0;   12.683;   0;  -999;   3.9;  722.72;    5.9;   42.83;    9.1;    1.7;-999;eor
       5792;20180912;   10;-999;   4.2;    3;   0.0;   0;   11.433;   0;  -999;   5.2;  721.73;    8.2;   49.54;   11.5;    5.1;-999;eor
       5792;20180913;   10;   8.6;   2.3;    3;  16.1;   4;    3.417;   0;  -999;   7.5;  716.74;    4.7;   88.67;    7.2;    2.2;-999;eor
       5792;20180914;   10;  10.2;   3.2;    3;   0.9;   4;    1.333;   0;  -999;   7.2;  715.32;    2.3;   99.38;    3.6;    0.8;-999;eor
       5792;20180915;   10;  14.7;   5.1;    3;   1.7;   4;    5.833;   0;   6.4;   7.2;  717.63;    2.5;   97.83;    4.3;    0.5;-999;eor
       5792;20180916;   10;  14.1;   6.1;    3;   2.6;   6;   10.050;   0;   4.1;   6.8;  719.06;    4.8;   78.83;    8.4;    3.1;-999;eor
       5792;20180917;   10;   9.1;   4.6;    3;   0.0;   4;    5.700;   0;  -999;  -999;  718.61;    4.7;-999;    7.3;    2.9;-999;eor
       5792;20180918;   10;  11.2;   3.6;    3;   9.5;   4;    3.017;   0;   4.2;   7.1;  717.65;    4.5;   84.21;    7.6;    1.8;-999;eor
       5792;20180919;   10;   6.7;   2.6;    3;   0.0;   4;    4.550;   0;   4.5;   6.7;  718.98;    3.7;   83.79;    7.8;    1.7;-999;eor
       5792;20180920;   10;   9.8;   3.3;    3;   0.0;   0;   12.067;   0;   0.0;   5.7;  718.74;    5.7;   60.92;    8.6;    3.3;-999;eor
       5792;20180921;   10;  15.8;   5.0;    3;  13.1;   4;    8.567;   0;   4.5;   7.0;  715.01;    5.5;   77.63;    9.0;    0.8;-999;eor
       5792;20180922;   10;  32.5;  10.9;    3;   5.2;   4;    5.200;   0;   8.0;   5.4;  714.09;   -0.5;   89.63;    3.9;   -5.4;-999;eor
       5792;20180923;   10;  27.6;  11.0;    3;  12.9;   4;    1.383;   0;   7.6;   8.0;  713.80;    4.7;   93.08;    7.8;   -3.2;-999;eor
       5792;20180924;   10;  12.7;   3.9;    3;   2.8;   4;    3.983;   6;   7.5;   3.2;  715.00;   -7.6;   92.29;   -3.1;  -11.4;-999;eor
       5792;20180925;   10;  10.0;   3.5;    3;   0.0;   4;   12.067;   8;   0.0;   1.2;  719.48;   -5.8;   34.75;    0.1;  -11.4;-999;eor
       5792;20180926;   10;   9.6;   3.2;    3;   0.0;   0;   11.600;   5;   5.5;   1.5;  724.15;    2.8;   19.42;    5.4;   -0.4;-999;eor
       5792;20180927;   10;   9.3;   4.0;    3;   0.0;   0;   12.017;   0;   0.5;   4.1;  722.93;    5.6;   43.92;   10.2;    2.4;-999;eor
       5792;20180928;   10;  11.2;   5.6;    3;   1.7;   4;    9.717;   0;   2.9;   4.3;  716.45;    2.4;   62.08;    5.1;   -1.6;-999;eor
       5792;20180929;   10;  12.0;   3.2;    3;   0.0;   0;   11.683;   0;   6.3;   4.7;  714.77;    1.3;   72.13;    5.0;   -2.4;-999;eor
       5792;20180930;   10;  13.1;   4.2;    3;  14.0;   8;    9.267;   0;   2.9;   5.0;  712.35;    1.2;   75.46;    4.5;   -0.5;-999;eor
       5792;20181001;   10;   9.8;   3.3;    3;  37.1;   8;    0.000;  10;   8.0;   3.9;  705.98;   -5.7;   93.83;   -0.2;   -9.4;-999;eor
       5792;20181002;   10;  16.5;   6.3;    3;   4.1;   7;    5.567;  40;   7.3;   3.5;  709.44;   -6.4;   85.21;   -0.9;  -12.3;-999;eor
       5792;20181003;   10;  16.3;   6.5;    3;   1.1;   8;    0.000;  30;   7.4;   4.5;  714.79;   -3.2;   92.96;   -0.7;   -7.5;-999;eor
       5792;20181004;   10;  10.1;   4.1;    3;   0.0;   0;   11.567;  25;   0.5;   2.6;  717.97;    2.1;   37.13;    5.4;   -2.3;-999;eor
       5792;20181005;   10;  11.2;   5.0;    3;   0.0;   7;   11.017;  15;   1.9;   4.0;  716.85;    4.2;   48.96;    6.2;    2.8;-999;eor
       5792;20181006;   10;  10.0;   3.2;    3;   1.0;   8;    5.767;  12;   7.6;   5.3;  711.97;    2.6;   72.46;    5.4;    0.4;-999;eor
       5792;20181007;   10;  10.0;   2.4;    3;   0.0;   8;    0.067;  10;   7.0;   5.8;  710.86;   -0.1;   96.04;    0.9;   -0.8;-999;eor
       5792;20181008;   10;   7.3;   3.0;    3;   0.0;   0;   11.217;   8;   0.1;   5.6;  714.70;    2.6;   75.50;    5.2;   -0.2;-999;eor
       5792;20181009;   10;   7.0;   3.1;    3;   0.0;   0;   11.183;   8;   1.3;   5.0;  716.64;    3.0;   65.50;    5.2;    1.4;-999;eor
       5792;20181010;   10;  25.9;   8.0;    3;   0.0;   0;   11.150;   8;   0.0;   4.4;  714.83;    1.7;   63.92;    3.5;   -0.4;-999;eor
       5792;20181011;   10;  22.6;  10.6;    3;   0.0;   7;    8.100;   5;   3.2;   4.9;  713.63;    1.3;   72.04;    3.4;   -1.3;-999;eor
       5792;20181012;   10;  13.1;   4.1;    3;   0.0;   0;   10.800;   3;   1.6;   5.7;  719.10;    2.2;   79.75;    4.1;    0.2;-999;eor
       5792;20181013;   10;  12.4;   5.8;    3;   0.0;   0;   11.000;   3;   0.0;   4.9;  717.78;    2.8;   65.75;    5.0;    1.6;-999;eor
       5792;20181014;   10;  19.2;   9.6;    3;   0.0;   0;   10.900;   3;   0.4;   3.4;  712.66;    1.0;   53.04;    2.6;   -1.4;-999;eor
       5792;20181015;   10;  18.6;   8.9;    3;   0.0;   0;   10.133;   0;   0.4;   4.3;  711.48;   -1.0;   75.21;    0.9;   -2.3;-999;eor
       5792;20181016;   10;  10.0;   3.5;    3;   0.0;   0;   10.233;   0;   0.8;   4.5;  713.69;   -0.6;   76.29;    2.1;   -2.3;-999;eor
       5792;20181017;   10;   7.8;   3.4;    3;   0.0;   0;   10.367;   0;   0.0;   4.5;  713.52;    0.7;   70.17;    3.5;   -1.3;-999;eor
       5792;20181018;   10;   8.0;   2.2;    3;   0.0;   0;    9.667;   0;   6.6;   4.0;  713.22;    1.2;   60.88;    4.4;   -0.6;-999;eor
       5792;20181019;   10;   9.6;   3.3;    3;   0.0;   0;   10.567;   0;   2.7;   2.9;  714.65;    1.7;   42.38;    4.4;   -1.4;-999;eor
       5792;20181020;   10;  10.6;   5.3;    3;   0.0;   0;   10.650;   0;   1.6;   2.6;  717.26;   -0.7;   46.08;    2.4;   -2.5;-999;eor
       5792;20181021;   10;  12.1;   4.7;    3;   0.0;   7;    5.317;   0;   3.5;   1.1;  714.61;   -3.3;   22.92;   -0.9;   -4.8;-999;eor
       5792;20181022;   10;  10.8;   3.3;    3;   0.0;   7;   10.533;   0;   1.5;   1.9;  714.67;   -2.3;   38.21;    0.0;   -5.0;-999;eor
       5792;20181023;   10;  23.3;   6.2;    3;   0.7;   8;    7.000;   0;   6.6;   3.0;  715.12;   -2.7;   59.08;    0.0;   -6.9;-999;eor
       5792;20181024;   10;  22.5;   7.7;    3;   7.6;   8;    0.000;   0;   8.0;   5.5;  712.95;   -1.4;   98.83;   -0.1;   -2.7;-999;eor
       5792;20181025;   10;  16.0;   6.5;    3;   0.0;   0;   10.367;   2;   2.7;   4.1;  711.95;   -3.2;   83.42;   -1.0;   -6.7;-999;eor
       5792;20181026;   10;  17.7;   8.9;    3;   0.4;   7;    9.917;   0;   4.1;   3.3;  706.14;   -1.2;   58.63;    0.9;   -3.7;-999;eor
       5792;20181027;   10;  18.8;   6.6;    3;   7.0;   7;    0.000;   1;   7.6;   3.9;  698.05;   -5.2;   94.00;   -2.2;   -7.2;-999;eor
       5792;20181028;   10;  22.0;   9.8;    3;   0.1;   7;    0.750;  11;   7.1;   4.8;  696.27;   -2.6;   94.96;   -1.3;   -4.8;-999;eor
       5792;20181029;   10;  35.4;  14.0;    3;   6.1;   8;    1.283;  11;   7.3;   5.0;  693.76;   -2.3;   95.67;   -0.3;   -5.3;-999;eor
       5792;20181030;   10;  36.5;  13.7;    3;   0.2;   7;    0.750;   8;   6.2;   3.4;  694.00;   -6.8;   92.75;   -5.4;   -8.5;-999;eor
       5792;20181031;   10;  19.6;   8.7;    3;   0.0;   4;    3.067;   8;   6.9;   3.4;  707.21;   -5.2;   81.92;   -1.3;   -8.5;-999;eor
       5792;20181101;   10;  33.4;  10.1;    3;   0.0;   7;    3.300;   8;   5.8;   3.8;  706.94;   -4.0;   84.04;   -1.7;   -5.8;-999;eor
       5792;20181102;   10;  11.7;   5.4;    3;   0.6;   7;    1.900;   7;   7.8;   4.2;  711.03;   -3.8;   90.50;    0.5;   -5.7;-999;eor
       5792;20181103;   10;  15.7;   7.6;    3;   0.0;   0;    9.733;   7;   4.3;   4.7;  714.14;   -1.3;   85.42;    0.6;   -2.6;-999;eor
       5792;20181104;   10;  13.7;   7.0;    3;   0.0;   0;    4.067;   6;   8.0;   4.9;  711.38;    0.0;   80.50;    1.5;   -1.8;-999;eor
       5792;20181105;   10;  24.9;   8.5;    3;   0.0;   0;    5.417;   4;   4.6;   4.7;  707.16;   -1.5;   85.75;    1.1;   -3.0;-999;eor
       5792;20181106;   10;  27.2;  14.4;    3;   0.0;   0;    4.517;   4;   6.7;   4.5;  706.48;   -1.6;   82.33;   -0.2;   -3.3;-999;eor
       5792;20181107;   10;  22.8;   9.3;    3;   0.6;   7;    8.517;   4;   5.4;   4.3;  707.56;   -2.5;   84.75;   -0.8;   -4.0;-999;eor
       5792;20181108;   10;  17.0;   6.4;    3;   0.0;   7;    5.200;   5;   5.9;   4.3;  710.71;   -3.0;   88.21;   -1.7;   -3.7;-999;eor
       5792;20181109;   10;  16.7;   6.7;    3;   0.0;   0;    0.100;   5;   6.3;   3.7;  709.21;   -1.7;   68.17;   -0.4;   -3.2;-999;eor
       5792;20181110;   10;  23.7;  10.7;    3;   0.0;   0;    9.250;   5;   0.6;   3.7;  706.08;   -2.1;   70.21;    0.0;   -3.3;-999;eor
       5792;20181111;   10;  22.1;  11.0;    3;   0.0;   0;    7.333;   4;   4.0;   4.0;  708.88;   -1.3;   72.17;    1.6;   -3.5;-999;eor
       5792;20181112;   10;  18.0;   9.0;    3;   0.0;   0;    8.283;   4;   2.1;   4.0;  714.57;    2.1;   56.21;    5.1;    0.0;-999;eor
       5792;20181113;   10;  15.8;   6.8;    3;   0.1;   7;    5.850;   3;   7.5;   4.4;  716.99;   -1.1;   78.75;    1.9;   -5.6;-999;eor
       5792;20181114;   10;  18.5;   5.8;    3;   0.0;   0;    9.383;   3;   2.6;   1.2;  717.59;   -0.6;   26.33;    3.9;   -7.1;-999;eor
       5792;20181115;   10;   8.2;   3.2;    3;   0.0;   0;    9.033;   0;   6.5;   1.3;  715.86;    1.7;   19.13;    5.5;   -1.0;-999;eor
       5792;20181116;   10;  12.3;   4.3;    3;   0.0;   0;    9.300;   0;   0.0;   1.0;  713.15;   -2.9;   18.71;   -0.8;   -6.1;-999;eor
       5792;20181117;   10;  15.2;   7.0;    3;   0.0;   0;    9.167;   0;   0.0;   1.3;  708.87;   -8.0;   40.04;   -6.0;  -10.1;-999;eor
       5792;20181118;   10;  13.0;   5.0;    3;   0.6;   7;    9.183;   0;   1.8;   1.7;  704.17;   -9.6;   60.33;   -6.1;  -13.1;-999;eor
       5792;20181119;   10;  18.2;   8.3;    3;   1.1;   7;    1.800;   2;   7.3;   1.9;  693.95;  -13.7;   87.67;  -12.5;  -14.3;-999;eor
       5792;20181120;   10;  17.4;   6.2;    3;   0.0;   0;    8.117;   3;   2.8;   2.1;  695.29;   -8.7;   67.17;   -5.1;  -13.4;-999;eor
       5792;20181121;   10;   8.9;   4.3;    3;   0.0;   7;    8.233;   3;   5.1;   1.3;  702.64;   -3.9;   29.21;   -1.3;   -5.8;-999;eor
       5792;20181122;   10;   9.8;   3.4;    3;   0.0;   7;    5.617;   3;   6.9;   2.9;  706.30;   -6.9;   79.96;   -4.7;   -8.0;-999;eor
       5792;20181123;   10;  24.2;   6.9;    3;   0.0;   7;    5.400;   3;   5.3;   2.4;  706.39;   -6.3;   62.42;   -3.3;   -8.7;-999;eor
       5792;20181124;   10;  19.0;   6.9;    3;   0.8;   7;    0.367;   3;   7.5;   3.6;  703.23;   -6.0;   92.04;   -4.6;   -8.0;-999;eor
       5792;20181125;   10;  11.8;   5.6;    3;   0.0;   0;    5.850;   4;   6.4;   1.3;  698.50;   -6.4;   36.79;   -4.1;   -9.5;-999;eor
       5792;20181126;   10;   9.3;   3.4;    3;   6.8;   7;    3.767;   4;   7.9;   1.9;  693.89;   -9.2;   64.63;   -5.2;  -12.1;-999;eor
       5792;20181127;   10;  13.6;   4.6;    3;   4.3;   7;    0.000;  18;   7.3;   2.0;  700.09;  -13.2;   89.67;  -12.1;  -15.3;-999;eor
       5792;20181128;   10;  10.1;   3.9;    3;   0.0;   0;    8.550;  25;   4.5;   0.8;  707.35;   -9.5;   29.71;   -5.4;  -15.4;-999;eor
       5792;20181129;   10;   9.0;   3.9;    3;   0.1;   7;    3.817;  23;   7.8;   3.6;  710.04;   -2.4;   68.29;    1.7;   -6.4;-999;eor
       5792;20181130;   10;  10.3;   3.2;    3;   4.8;   7;    0.000;  20;   7.8;   3.2;  704.90;   -6.4;   85.29;   -1.5;   -8.5;-999;eor
       5792;20181201;   10;  21.5;   7.9;    3;   0.0;   4;    6.817;  25;   6.3;   2.3;  704.61;   -8.5;   71.13;   -6.1;   -9.9;-999;eor
       5792;20181202;   10;  27.0;  10.6;    3;  23.0;   7;    0.000;  25;   7.7;   4.3;  703.54;   -3.5;   90.13;   -2.4;   -7.0;-999;eor
       5792;20181203;   10;  29.2;  10.7;    3;  14.5;   7;    0.067;  40;   7.8;   4.3;  702.86;   -4.1;   95.88;   -3.3;   -6.6;-999;eor
       5792;20181204;   10;  24.0;   7.1;    3;  17.5;   7;    0.000;  35;   7.9;   3.2;  706.17;   -7.9;   94.29;   -6.5;   -8.9;-999;eor
       5792;20181205;   10;  19.4;   7.0;    3;   9.7;   7;    0.117;  40;   7.8;   3.3;  710.63;   -6.7;   86.67;   -2.7;  -10.1;-999;eor
       5792;20181206;   10;  17.9;   5.9;    3;   5.4;   7;    2.217;  50;   7.9;   3.8;  709.83;   -5.6;   93.50;   -3.7;   -7.4;-999;eor
       5792;20181207;   10;  27.3;   9.7;    3;  11.4;   7;    0.383;  50;   7.4;   4.1;  706.93;   -3.7;   87.42;    0.0;   -8.7;-999;eor
       5792;20181208;   10;  31.8;  11.5;    3;  10.7;   7;    0.000;  55;   7.9;   2.3;  700.16;  -11.6;   89.88;   -7.3;  -13.8;-999;eor
       5792;20181209;   10;  39.6;  12.1;    3;  36.4;   7;    0.000;  58;   7.6;   2.8;  695.91;   -9.7;   94.13;   -7.4;  -12.0;-999;eor
       5792;20181210;   10;  19.8;   6.0;    3;  42.2;   7;    0.000;  85;   8.0;   1.8;  701.68;  -14.1;   88.46;  -11.8;  -16.2;-999;eor
       5792;20181211;   10;  13.2;   4.3;    3;   6.9;   7;    0.000; 120;   7.8;   1.4;  701.74;  -17.2;   87.88;  -16.1;  -18.1;-999;eor
       5792;20181212;   10;   8.8;   4.0;    3;   0.0;   7;    8.433; 135;   2.7;   1.4;  700.70;  -17.0;   84.79;  -15.1;  -18.6;-999;eor
       5792;20181213;   10;  13.1;   6.1;    3;   0.0;   0;    8.450; 120;   0.0;   1.0;  696.05;  -16.7;   60.21;  -15.0;  -18.2;-999;eor
       5792;20181214;   10;   9.2;   3.9;    3;   0.0;   4;    8.467; 110;   0.0;   0.9;  697.96;  -16.3;   51.04;  -14.3;  -18.1;-999;eor
       5792;20181215;   10;  10.3;   3.6;    3;   0.3;   7;    8.367; 105;   0.0;   1.3;  700.95;  -15.6;   69.42;  -13.7;  -17.7;-999;eor
       5792;20181216;   10;  24.1;   7.4;    3;   8.8;   7;    0.000; 105;   7.6;   2.3;  700.23;  -10.5;   79.58;   -7.7;  -14.0;-999;eor
       5792;20181217;   10;  13.5;   5.7;    3;   1.1;   7;    0.533; 115;   7.9;   2.0;  705.38;  -12.4;   85.92;  -11.5;  -14.0;-999;eor
       5792;20181218;   10;  13.7;   5.3;    3;   0.0;   4;    7.850; 115;   3.0;   1.5;  709.14;   -9.4;   52.79;   -4.6;  -13.9;-999;eor
       5792;20181219;   10;  17.2;   6.8;    3;   2.8;   7;    0.350; 110;   7.4;   2.4;  705.53;   -7.3;   68.58;   -4.3;  -10.3;-999;eor
       5792;20181220;   10;  19.4;   7.9;    3;   0.6;   7;    2.317; 110;   7.6;   2.4;  704.39;  -11.1;   89.38;   -9.4;  -12.1;-999;eor
       5792;20181221;   10;  44.0;  16.2;    3;  12.9;   7;    0.000; 105;   7.3;   3.1;  705.23;   -7.3;   81.75;   -3.7;  -12.2;-999;eor
       5792;20181222;   10;  33.6;  11.0;    3;  38.7;   7;    0.000; 115;   7.8;   3.7;  706.86;   -6.5;   97.29;   -3.9;   -8.5;-999;eor
       5792;20181223;   10;  27.6;  10.6;    3;  36.8;   7;    0.000; 150;   8.0;   3.7;  708.72;   -6.5;   96.88;   -3.4;   -8.4;-999;eor
       5792;20181224;   10;  30.9;   7.0;    3;  26.5;   7;    0.000; 170;   7.6;   2.8;  707.67;  -10.5;   93.33;   -3.5;  -15.2;-999;eor
       5792;20181225;   10;  14.7;   4.7;    3;   0.8;   7;    4.367; 190;   5.1;   1.1;  712.78;  -12.6;   45.50;   -7.8;  -14.7;-999;eor
       5792;20181226;   10;  11.8;   5.6;    3;   0.0;   0;    8.100; 160;   2.0;   1.3;  714.76;   -7.0;   35.96;   -4.7;   -9.1;-999;eor
       5792;20181227;   10;  10.2;   4.3;    3;   0.0;   7;    5.600; 160;   7.0;   2.7;  714.15;   -3.6;   57.13;   -0.2;   -5.6;-999;eor
       5792;20181228;   10;  12.5;   5.9;    3;   0.0;   7;    5.267; 160;   5.8;   2.4;  713.31;   -5.7;   59.79;   -4.5;   -9.2;-999;eor
       5792;20181229;   10;  20.2;   6.3;    3;  11.7;   7;    4.867; 160;   6.8;   2.1;  713.37;   -8.2;   65.46;   -6.4;  -11.1;-999;eor
       5792;20181230;   10;  19.0;   7.0;    3;  29.0;   7;    0.000; 165;   7.8;   2.1;  711.31;  -12.1;   87.54;   -9.2;  -14.2;-999;eor
       5792;20181231;   10;  16.3;   6.1;    3;  14.0;   7;    0.000; 185;   7.9;   3.0;  713.85;   -8.7;   94.58;   -5.8;  -11.1;-999;eor
       5792;20190101;   10;  20.3;   6.8;    3;  20.1;   7;    8.383; 200;   6.9;   2.5;  712.10;   -8.4;   76.71;   -6.0;  -12.0;-999;eor
       5792;20190102;   10;  19.3;   6.7;    3;  65.0;   7;    0.000; 210;   5.6;   1.5;  704.97;  -17.6;   95.38;  -12.0;  -20.9;-999;eor
       5792;20190103;   10;  12.2;   5.6;    3;  11.3;   7;    0.433; 265;   6.0;   1.1;  706.80;  -21.0;   91.42;  -19.9;  -22.4;-999;eor
       5792;20190104;   10;  17.2;   5.8;    3;  12.6;   7;    0.200; 250;   7.9;   1.3;  708.23;  -17.9;   86.67;  -14.7;  -20.1;-999;eor
       5792;20190105;   10;  17.3;   7.2;    3;  41.5;   7;    0.000; 260;   8.0;   2.0;  707.20;  -13.0;   88.54;  -11.2;  -16.8;-999;eor
       5792;20190106;   10;  14.3;   5.7;    3;  30.9;   7;    0.000; 285;   8.0;   2.0;  708.60;  -13.1;   89.96;  -12.2;  -13.6;-999;eor
       5792;20190107;   10;  13.5;   5.2;    3;   9.9;   7;    0.050; 300;   7.9;   1.9;  709.71;  -13.0;   85.63;  -11.4;  -13.9;-999;eor
       5792;20190108;   10;  24.9;   9.7;    3;  25.5;   7;    0.000; 290;   7.9;   2.2;  700.55;  -12.0;   87.46;   -8.6;  -15.6;-999;eor
       5792;20190109;   10;  21.3;   6.1;    3;  27.6;   7;    0.000; 300;   7.8;   1.4;  693.33;  -17.6;   90.42;  -15.4;  -19.2;-999;eor
       5792;20190110;   10;   9.2;   3.7;    3;  19.0;   7;    0.000; 325;   7.7;   1.3;  697.80;  -18.5;   91.58;  -17.8;  -19.3;-999;eor
       5792;20190111;   10;  14.5;   5.3;    3;  14.4;   7;    5.333; 345;  -999;   1.3;  701.18;  -17.8;   84.29;  -12.6;  -21.7;-999;eor
       5792;20190112;   10;  22.2;   7.8;    3;  17.9;   7;    3.300; 345;   7.6;   2.1;  703.56;  -12.2;   87.00;   -9.6;  -13.1;-999;eor
       5792;20190113;   10;  28.0;  10.7;    3;  65.9;   7;    0.000; 365;   8.0;   2.5;  696.34;  -10.5;   89.79;   -7.6;  -12.5;-999;eor
       5792;20190114;   10;  22.7;   7.7;    3;  61.5;   7;    0.000; 400;   7.9;   2.1;  694.59;  -13.5;   94.83;   -9.3;  -16.9;-999;eor
       5792;20190115;   10;  18.2;   7.0;    3;   0.2;   7;    0.817; 465;   8.0;   1.7;  702.25;  -14.7;   85.79;   -9.7;  -17.4;-999;eor
       5792;20190116;   10;  23.5;  10.1;    3;   0.0;   4;    8.650; 440;   5.4;   1.9;  703.70;   -6.9;   51.42;   -5.0;   -9.8;-999;eor
       5792;20190117;   10;  26.0;  10.7;    3;   7.4;   7;    5.467; 430;   5.0;   2.0;  697.76;  -10.0;   70.88;   -5.2;  -16.1;-999;eor
       5792;20190118;   10;  19.1;   5.2;    3;   0.3;   7;    6.167; 435;   7.2;   1.1;  697.32;  -17.1;   68.75;  -13.9;  -19.4;-999;eor
       5792;20190119;   10;  12.7;   6.5;    3;   0.0;   4;    8.350; 420;   5.1;   1.1;  696.87;  -14.8;   55.42;  -12.1;  -15.8;-999;eor
       5792;20190120;   10;  13.2;   4.8;    3;   0.5;   7;    5.950; 410;   5.9;   1.4;  697.17;  -14.8;   68.92;  -13.1;  -16.4;-999;eor
       5792;20190121;   10;   5.3;   2.0;    3;   0.0;   0;    9.050; 400;   0.8;   1.6;  699.13;  -13.4;   73.88;   -8.4;  -14.9;-999;eor
       5792;20190122;   10;   6.3;   2.5;    3;   0.0;   7;    9.100; 395;   1.0;   0.8;  693.15;  -12.9;   34.29;   -9.5;  -15.3;-999;eor
       5792;20190123;   10;   6.0;   2.7;    3;   0.3;   7;    0.250; 395;   4.3;   1.3;  683.62;  -15.2;   67.71;  -12.7;  -17.5;-999;eor
       5792;20190124;   10;  11.2;   3.2;    3;   0.1;   7;    9.133; 385;   1.7;   0.9;  688.27;  -17.3;   59.83;  -12.0;  -21.0;-999;eor
       5792;20190125;   10;  17.0;   7.6;    3;   7.5;   7;    6.200; 375;   6.7;   0.9;  693.69;  -19.2;   67.29;  -11.0;  -21.6;-999;eor
       5792;20190126;   10;  25.2;   9.2;    3;  15.4;   7;    1.967; 375;   8.0;   2.3;  697.99;   -9.9;   81.29;   -6.8;  -11.8;-999;eor
       5792;20190127;   10;  26.8;  10.6;    3;   9.3;   7;    4.450; 385;   7.4;   1.7;  688.50;   -9.0;   58.92;   -5.5;  -12.7;-999;eor
       5792;20190128;   10;  22.8;   7.8;    3;  13.9;   7;    2.800; 385;   7.9;   1.4;  685.87;  -16.8;   86.25;  -12.6;  -17.7;-999;eor
       5792;20190129;   10;  19.4;   7.2;    3;   2.3;   7;    5.350; 390;   6.6;   1.3;  689.28;  -17.8;   83.04;  -16.7;  -18.9;-999;eor
       5792;20190130;   10;  17.5;   6.5;    3;   3.1;   7;    0.267; 380;   7.6;   1.5;  685.15;  -16.0;   82.38;  -12.9;  -19.9;-999;eor
       5792;20190131;   10;  33.9;  10.2;    3;   0.1;   7;    8.133; 380;   5.3;   1.3;  685.24;  -15.8;   73.67;   -8.5;  -18.2;-999;eor
       5792;20190201;   10;  31.0;  14.3;    3;  10.2;   7;    3.950; 380;   7.2;   2.8;  686.22;   -7.6;   81.67;   -6.4;  -10.0;-999;eor
       5792;20190202;   10;  21.2;   6.6;    3;  19.7;   7;    1.650; 390;   7.7;   2.8;  688.68;   -8.7;   87.42;   -6.6;  -10.3;-999;eor
       5792;20190203;   10;  10.2;   4.3;    3;  18.7;   7;    0.000; 415;   8.0;   1.7;  695.27;  -15.3;   91.13;  -10.4;  -18.6;-999;eor
       5792;20190204;   10;   8.2;   3.8;    3;   0.0;   4;    9.600; 460;   2.0;   1.3;  706.57;  -12.4;   60.00;   -6.0;  -18.5;-999;eor
       5792;20190205;   10;   8.6;   3.8;    3;   0.0;   4;    8.617; 440;   2.5;   0.9;  710.32;   -8.5;   28.13;   -6.3;  -10.6;-999;eor
       5792;20190206;   10;  15.9;   5.6;    3;   0.0;   4;    9.817; 420;   3.9;   1.0;  710.87;   -5.8;   25.46;   -3.3;   -7.7;-999;eor
       5792;20190207;   10;  17.9;   9.1;    3;   9.1;   7;    2.917; 420;   7.7;   1.6;  705.60;   -6.7;   47.67;   -4.0;  -11.6;-999;eor
       5792;20190208;   10;  21.0;   8.0;    3;   0.0;   4;    8.533; 420;   6.1;   1.9;  704.41;  -10.5;   69.08;   -6.2;  -15.3;-999;eor
       5792;20190209;   10;  26.1;  10.7;    3;   1.7;   7;    1.333; 420;   7.8;   2.3;  703.91;   -7.8;   67.46;   -5.4;   -9.7;-999;eor
       5792;20190210;   10;  37.3;  14.2;    3;  12.5;   7;    2.433; 420;   7.5;   2.2;  697.93;   -8.1;   66.67;   -5.5;  -14.0;-999;eor
       5792;20190211;   10;  19.5;   7.3;    3;  29.4;   7;    0.000; 430;   7.9;   1.7;  699.13;  -15.6;   91.88;  -13.8;  -16.6;-999;eor
       5792;20190212;   10;  16.6;   6.5;    3;   5.4;   7;    0.500; 460;   5.6;   1.6;  709.62;  -15.2;   87.04;  -11.1;  -17.0;-999;eor
       5792;20190213;   10;  10.2;   3.2;    3;   0.0;   7;    9.000; 460;   4.7;   2.4;  717.27;   -8.0;   72.79;   -3.8;  -11.7;-999;eor
       5792;20190214;   10;  10.2;   4.4;    3;   0.0;   0;    9.617; 450;   2.4;   1.2;  720.21;   -4.5;   28.67;   -3.0;   -6.2;-999;eor
       5792;20190215;   10;  11.9;   4.9;    3;   0.0;   0;   10.117; 430;   1.5;   1.2;  719.62;   -2.4;   22.96;   -0.6;   -4.0;-999;eor
       5792;20190216;   10;   8.5;   3.4;    3;   0.0;   0;   10.150; 420;   2.5;   0.5;  718.27;   -0.1;    8.54;    4.9;   -2.3;-999;eor
       5792;20190217;   10;  10.6;   4.8;    3;   0.0;   0;   10.417; 410;   1.3;   0.4;  716.08;   -0.2;    7.00;    1.1;   -1.8;-999;eor
       5792;20190218;   10;  11.2;   6.1;    3;   0.0;   0;   10.433; 405;   0.0;   1.0;  712.08;   -1.2;   18.21;    0.9;   -3.9;-999;eor
       5792;20190219;   10;  12.9;   5.1;    3;   0.1;   7;    9.550; 400;   4.7;   2.1;  708.94;   -7.1;   60.46;   -3.3;   -9.8;-999;eor
       5792;20190220;   10;  15.0;   6.4;    3;   0.0;   4;    4.400; 400;   7.8;   2.7;  709.95;   -8.9;   87.46;   -8.0;  -10.0;-999;eor
       5792;20190221;   10;  14.8;   6.9;    3;   2.5;   7;    7.267; 400;   5.9;   2.7;  713.58;   -8.3;   82.04;   -6.3;  -10.1;-999;eor
       5792;20190222;   10;  15.2;   5.2;    3;  16.8;   7;    0.000; 395;   7.2;   2.9;  715.22;   -8.2;   87.79;   -6.9;  -11.4;-999;eor
       5792;20190223;   10;  21.3;   6.7;    3;   0.0;   0;   10.300; 405;   1.8;   0.9;  716.91;   -8.2;   26.58;   -5.3;  -10.2;-999;eor
       5792;20190224;   10;  18.4;   5.4;    3;   0.0;   0;    7.333; 400;   4.2;   2.6;  719.29;   -4.6;   62.21;   -2.1;   -6.8;-999;eor
       5792;20190225;   10;  14.5;   5.2;    3;   0.0;   4;   10.883; 385;   2.7;   1.9;  721.04;   -3.0;   40.17;   -1.0;   -5.9;-999;eor
       5792;20190226;   10;   9.4;   3.5;    3;   0.0;   4;    9.133; 380;   5.8;   1.3;  720.23;   -2.9;   26.33;   -0.8;   -5.2;-999;eor
       5792;20190227;   10;  10.7;   3.9;    3;   0.0;   0;   10.883; 375;   2.5;   2.6;  716.64;   -1.8;   48.17;    0.8;   -5.5;-999;eor
       5792;20190228;   10;  22.8;   8.1;    3;   2.2;   7;   10.800; 370;   3.2;   2.8;  710.57;   -4.3;   64.58;   -1.9;   -7.7;-999;eor
       5792;20190301;   10;  19.9;   7.3;    3;  14.1;   7;    0.000; 360;   7.9;   2.8;  703.32;   -9.3;   92.71;   -7.7;  -10.6;-999;eor
       5792;20190302;   10;  16.9;   6.7;    3;   0.0;   4;    0.000; 370;   7.6;   2.5;  704.22;  -10.5;   89.33;   -8.9;  -12.0;-999;eor
       5792;20190303;   10;  24.1;   9.9;    3;   0.0;   4;    8.350; 365;   7.8;   2.5;  705.39;   -7.2;   70.96;   -4.8;  -10.7;-999;eor
       5792;20190304;   10;  36.8;  13.1;    3;   6.7;   7;    5.150; 360;   7.0;   2.0;  697.86;   -7.5;   62.04;   -3.0;  -13.4;-999;eor
       5792;20190305;   10;  26.7;   9.7;    3;   3.1;   7;    3.433; 365;   6.6;   2.1;  698.97;  -12.3;   87.58;  -10.4;  -13.7;-999;eor
       5792;20190306;   10;  34.1;  11.9;    3;   0.0;   4;    7.017; 365;   7.1;   2.3;  701.50;   -6.0;   59.38;   -2.4;  -10.4;-999;eor
       5792;20190307;   10;  40.1;  12.8;    3;   6.3;   7;    1.950; 360;   7.4;   3.0;  697.93;   -6.9;   83.17;   -2.6;   -9.1;-999;eor
       5792;20190308;   10;  21.2;   8.8;    3;   3.6;   7;    3.067; 365;   7.0;   2.6;  703.46;  -10.0;   89.17;   -8.6;  -11.4;-999;eor
       5792;20190309;   10;  28.6;  12.2;    3;   5.2;   7;    2.417; 365;   7.2;   2.8;  706.54;   -8.5;   86.63;   -5.6;  -11.5;-999;eor
       5792;20190310;   10;  39.7;  14.5;    3;  12.2;   7;    0.183; 365;   6.5;   3.4;  703.76;   -6.6;   89.63;   -4.3;  -11.2;-999;eor
       5792;20190311;   10;  29.2;   8.1;    3;  34.8;   7;    0.033; 370;   7.8;   1.8;  701.74;  -15.8;   96.88;  -11.2;  -18.5;-999;eor
       5792;20190312;   10;  29.1;   8.1;    3;   3.4;   7;    8.017; 410;   6.0;   1.6;  704.22;  -13.2;   73.50;   -6.9;  -17.6;-999;eor
       5792;20190313;   10;  23.9;   9.7;    3;  14.7;   7;    1.667; 410;   7.5;   2.1;  698.71;  -12.6;   88.46;   -6.8;  -14.9;-999;eor
       5792;20190314;   10;  32.2;  12.7;    3;  37.7;   7;    0.050; 420;   7.8;   2.3;  696.63;  -12.2;   96.50;   -9.1;  -13.9;-999;eor
       5792;20190315;   10;  30.7;  11.5;    3;  29.1;   7;    0.000; 450;   7.9;   3.2;  700.25;   -8.0;   92.96;   -5.0;  -12.1;-999;eor
       5792;20190316;   10;  28.7;  13.4;    3;   0.0;   4;    9.283; 470;   6.1;   2.7;  705.60;   -5.7;   70.25;   -1.2;   -7.6;-999;eor
       5792;20190317;   10;  24.2;   9.7;    3;  11.4;   7;    8.550; 465;   7.0;   1.9;  702.38;   -4.0;   47.83;    0.0;  -13.8;-999;eor
       5792;20190318;   10;  15.0;   4.9;    3;   7.5;   7;    0.683; 470;   7.7;   1.7;  701.56;  -14.9;   87.46;  -13.7;  -15.9;-999;eor
       5792;20190319;   10;   6.3;   1.6;    3;   0.5;   7;    2.200; 470;   6.4;   1.7;  706.54;  -14.7;   85.04;  -11.6;  -17.2;-999;eor
       5792;20190320;   10;  13.2;   5.1;    3;   0.0;   4;   12.217; 460;   0.0;   0.6;  712.38;  -11.3;   23.50;   -6.0;  -17.3;-999;eor
       5792;20190321;   10;  14.2;   7.4;    3;   0.0;   0;   12.300; 450;   2.2;   0.7;  716.94;   -2.3;   12.75;   -0.1;   -6.2;-999;eor
       5792;20190322;   10;   9.6;   4.9;    3;   0.0;   0;   12.033; 440;   3.1;   1.4;  718.35;    0.2;   21.67;    3.5;   -1.6;-999;eor
       5792;20190323;   10;   6.6;   2.2;    3;   0.0;   0;   12.383; 440;   0.2;   1.5;  717.05;    0.5;   23.67;    3.8;   -1.5;-999;eor
       5792;20190324;   10;  18.4;   7.0;    3;   0.0;   4;   12.300; 435;   2.1;   2.7;  712.88;   -3.1;   57.17;   -0.8;   -7.6;-999;eor
       5792;20190325;   10;  16.6;   6.4;    3;  26.3;   7;    0.000; 430;   7.8;   2.6;  704.95;  -10.8;   93.46;   -6.7;  -16.0;-999;eor
       5792;20190326;   10;  11.9;   3.9;    3;   1.9;   7;   11.100; 465;   4.6;   1.2;  707.28;  -14.4;   59.46;  -11.7;  -17.1;-999;eor
       5792;20190327;   10;  11.1;   3.5;    3;   0.8;   7;    2.617; 450;   6.5;   2.2;  710.65;  -11.5;   87.50;   -8.9;  -13.8;-999;eor
       5792;20190328;   10;  15.3;   6.6;    3;   0.0;   0;   12.633; 450;   0.0;   1.6;  713.64;   -8.3;   49.71;   -6.5;  -11.4;-999;eor
       5792;20190329;   10;  11.4;   6.5;    3;   0.0;   0;   12.683; 445;   0.1;   1.3;  715.29;   -4.4;   29.88;   -2.2;   -7.3;-999;eor
       5792;20190330;   10;   7.7;   4.0;    3;   0.0;   0;   12.267; 440;   2.0;   1.0;  713.80;   -1.6;   18.79;    1.2;   -3.6;-999;eor
       5792;20190331;   10;   7.5;   3.0;    3;   0.0;   0;   12.650; 435;   0.5;   2.7;  710.02;   -3.8;   58.63;   -1.6;   -5.7;-999;eor
       5792;20190401;   10;  13.2;   5.2;    3;   0.0;   0;   12.383; 430;   1.3;   2.6;  708.11;   -3.6;   55.63;   -0.2;   -5.3;-999;eor
       5792;20190402;   10;  17.0;   6.9;    3;   0.0;   7;   10.583; 425;   5.7;   2.8;  704.90;   -4.5;   64.17;   -2.2;   -6.0;-999;eor
       5792;20190403;   10;  23.1;   8.4;    3;   0.0;   7;    7.200; 425;   5.9;   3.3;  697.04;   -6.4;   87.13;   -4.3;   -7.6;-999;eor
       5792;20190404;   10;  32.9;  12.9;    3;   7.0;   7;    5.550; 420;   5.8;   3.2;  691.06;   -6.8;   87.21;   -4.5;   -9.4;-999;eor
       5792;20190405;   10;  15.0;   6.2;    3;   0.0;   0;   10.283; 430;   3.6;   3.4;  695.13;   -5.3;   83.46;    0.2;   -9.5;-999;eor
       5792;20190406;   10;  11.4;   4.6;    3;   0.0;   0;   12.517; 425;   3.4;   3.3;  697.74;   -3.6;   70.63;   -1.0;   -5.8;-999;eor
       5792;20190407;   10;   7.0;   3.0;    3;   9.7;   7;    6.400; 420;   6.4;   3.3;  697.92;   -5.2;   81.25;   -2.7;   -7.2;-999;eor
       5792;20190408;   10;   9.3;   3.6;    3;   2.7;   7;    1.417; 435;   7.9;   3.6;  700.58;   -6.0;   92.83;   -2.9;   -7.4;-999;eor
       5792;20190409;   10;  10.1;   5.1;    3;   8.9;   7;    7.167; 430;   6.9;   3.8;  700.74;   -5.2;   90.29;   -2.9;   -6.9;-999;eor
       5792;20190410;   10;   9.5;   2.5;    3;  10.1;   7;    0.833; 435;   7.9;   3.9;  700.27;   -4.9;   91.92;   -2.5;   -6.2;-999;eor
       5792;20190411;   10;   8.7;   3.1;    3;   1.6;   7;    0.000; 430;   8.0;   3.2;  702.51;   -7.5;   91.46;   -6.0;  -10.7;-999;eor
       5792;20190412;   10;   9.6;   2.5;    3;   0.0;   7;    9.500; 430;   6.3;   2.1;  702.93;   -8.0;   66.38;   -2.7;  -11.8;-999;eor
       5792;20190413;   10;   9.3;   3.7;    3;  15.2;   7;    4.000; 425;   4.8;   2.2;  701.88;  -10.8;   82.13;   -7.5;  -12.9;-999;eor
       5792;20190414;   10;  12.9;   5.4;    3;   1.8;   7;    1.500; 437;   7.4;   2.4;  701.66;  -10.4;   86.79;   -7.1;  -12.8;-999;eor
       5792;20190415;   10;  15.6;   6.6;    3;   0.0;   0;   11.500; 435;   1.1;   2.7;  707.28;   -7.5;   78.67;   -3.9;  -10.1;-999;eor
       5792;20190416;   10;  14.6;   3.6;    3;   0.5;   7;    9.000; 430;   3.0;   2.9;  707.92;   -6.5;   75.96;   -4.1;   -8.6;-999;eor
       5792;20190417;   10;   7.1;   3.4;    3;   0.0;   7;   10.000; 425;   5.1;   3.5;  710.91;   -4.8;   80.79;   -2.1;   -6.8;-999;eor
       5792;20190418;   10;  10.8;   4.4;    3;   0.0;   0;   10.050; 425;   2.0;   3.5;  713.50;   -3.6;   74.42;   -0.8;   -5.1;-999;eor
       5792;20190419;   10;   9.1;   3.3;    3;   0.0;   0;   13.700; 420;   0.0;   3.1;  717.11;   -2.4;   60.79;    1.4;   -5.8;-999;eor
       5792;20190420;   10;   7.7;   4.5;    3;   0.0;   0;   13.917; 415;   0.0;   2.5;  717.26;   -1.4;   45.29;    2.0;   -4.2;-999;eor
       5792;20190421;   10;   8.2;   3.2;    3;   0.0;   0;   13.050; 415;   3.9;   1.7;  713.02;    1.5;   26.92;    7.0;   -3.1;-999;eor
       5792;20190422;   10;  14.0;   5.4;    3;   0.0;   0;   12.383; 410;   7.2;   2.7;  705.81;    0.8;   41.29;    3.9;   -2.2;-999;eor
       5792;20190423;   10;  24.4;  10.9;    3;   0.0;   7;    3.983; 410;   7.0;   4.1;  699.59;   -2.1;   79.33;   -0.4;   -4.0;-999;eor
       5792;20190424;   10;  26.5;  12.1;    3;   0.0;   0;    9.567; 405;   4.9;   4.2;  703.25;   -1.7;   77.71;    0.6;   -3.6;-999;eor
       5792;20190425;   10;  26.0;  12.7;    3;   0.0;   0;    6.050; 400;   6.3;   3.8;  706.74;   -2.0;   72.58;   -0.2;   -3.7;-999;eor
       5792;20190426;   10;  25.2;   8.6;    3;  17.8;   7;    2.450; 400;   5.8;   3.5;  704.98;   -5.8;   86.79;   -1.2;  -11.1;-999;eor
       5792;20190427;   10;  17.7;   5.9;    3;  20.4;   7;    1.450; 413;   7.8;   3.0;  705.53;   -8.3;   92.00;   -6.4;  -10.9;-999;eor
       5792;20190428;   10;  13.5;   3.6;    3;  24.5;   7;    0.417; 430;   7.7;   2.3;  704.11;  -11.4;   87.83;   -9.4;  -13.5;-999;eor
       5792;20190429;   10;  11.1;   3.3;    3;  25.4;   7;    0.000; 450;   8.0;   2.6;  705.17;   -9.8;   89.96;   -7.9;  -11.6;-999;eor
       5792;20190430;   10;  13.2;   4.3;    3;   4.4;   7;    3.300; 460;   5.4;   3.1;  706.03;   -7.4;   89.04;   -4.6;   -9.2;-999;eor
       5792;20190501;   10;  11.3;   3.2;    3;   0.0;   0;   14.167; 455;   0.5;   2.3;  706.49;   -6.5;   60.83;   -3.1;  -10.5;-999;eor
       5792;20190502;   10;  16.0;   4.8;    3;  19.0;   7;    6.733; 450;   5.5;   3.3;  704.23;   -4.4;   74.63;    0.1;   -6.7;-999;eor
       5792;20190503;   10;  17.1;   3.9;    3;  11.9;   7;    2.033; 460;   8.0;   3.5;  701.25;   -6.5;   92.29;   -4.9;   -8.0;-999;eor
       5792;20190504;   10;  14.0;   4.8;    3;  28.0;   7;    1.567; 460;   6.8;   2.9;  697.13;   -8.7;   90.42;   -6.0;  -14.9;-999;eor
       5792;20190505;   10;   9.7;   2.4;    3;  42.4;   7;    0.000; 500;   8.0;   1.8;  698.21;  -14.4;   88.71;  -13.2;  -16.0;-999;eor
       5792;20190506;   10;   7.8;   2.7;    3;   1.3;   7;    0.533; 580;   7.9;   1.9;  702.72;  -13.4;   86.67;  -10.3;  -15.2;-999;eor
       5792;20190507;   10;  19.4;   9.1;    3;   0.0;   4;   13.500; 560;   5.4;   1.4;  705.08;   -7.5;   41.13;   -5.5;  -13.3;-999;eor
       5792;20190508;   10;  24.4;  10.4;    3;   1.2;   7;    0.883; 545;   7.3;   3.6;  701.49;   -4.2;   79.33;   -1.5;   -6.1;-999;eor
       5792;20190509;   10;  20.6;   8.0;    3;   5.8;   7;    3.267; 530;   7.2;   3.5;  698.47;   -6.3;   91.88;   -5.1;   -8.3;-999;eor
       5792;20190510;   10;  21.0;   7.1;    3;   1.7;   7;    1.183; 525;   7.5;   4.0;  704.15;   -5.0;   94.08;   -3.3;   -6.7;-999;eor
       5792;20190511;   10;  26.7;   8.1;    3;  25.3;   7;    2.333; 520;   7.6;   3.8;  705.15;   -4.7;   88.71;   -1.0;   -8.5;-999;eor
       5792;20190512;   10;  11.3;   4.1;    3;  28.6;   7;    0.000; 535;   8.0;   2.8;  709.99;   -9.7;   93.83;   -7.9;  -10.7;-999;eor
       5792;20190513;   10;  16.7;   4.3;    3;   8.5;   7;    0.550; 545;   8.0;   3.1;  713.78;   -9.1;   99.13;   -7.2;  -10.5;-999;eor
       5792;20190514;   10;  13.2;   2.9;    3;  34.6;   7;    0.000; 545;   7.3;   2.5;  708.96;  -11.4;   95.79;   -9.9;  -13.1;-999;eor
       5792;20190515;   10;  14.5;   3.5;    3;   3.5;   7;    2.033; 585;   8.0;   3.0;  705.36;   -9.0;   96.83;   -5.8;  -12.7;-999;eor
       5792;20190516;   10;  10.1;   4.3;    3;   0.0;   0;   14.533; 585;   2.0;   3.7;  703.57;   -4.8;   86.29;   -1.8;   -5.9;-999;eor
       5792;20190517;   10;  12.4;   5.2;    3;   0.0;   7;    8.917; 575;   3.5;   3.9;  701.86;   -3.6;   82.75;    0.1;   -5.6;-999;eor
       5792;20190518;   10;   7.7;   3.7;    3;   0.5;   7;    8.850; 570;   5.5;   4.1;  701.45;   -2.8;   81.17;   -0.3;   -4.9;-999;eor
       5792;20190519;   10;  13.0;   4.6;    3;   9.6;   8;    4.383; 561;   7.5;   4.7;  700.51;   -2.3;   90.96;    0.2;   -3.7;-999;eor
       5792;20190520;   10;  17.8;   5.5;    3;  78.5;   7;    0.000; 555;   8.0;   4.6;  699.18;   -3.2;   95.21;   -2.3;   -3.9;-999;eor
       5792;20190521;   10;  23.1;   9.3;    3;  31.3;   7;    0.000; 585;   7.0;   4.3;  703.23;   -4.2;   95.00;   -2.8;   -4.7;-999;eor
       5792;20190522;   10;  14.1;   4.7;    3;   5.7;   7;    0.000; 600;   8.0;   4.4;  709.21;   -3.9;   96.54;   -2.6;   -5.7;-999;eor
       5792;20190523;   10;   7.4;   3.6;    3;   0.0;   0;   12.617; 605;   5.4;   4.2;  710.61;   -3.7;   89.92;   -0.9;   -7.1;-999;eor
       5792;20190524;   10;   7.9;   3.4;    3;   0.0;   0;    9.333; 600;   5.0;   4.3;  709.97;   -1.9;   78.29;    2.4;   -5.5;-999;eor
       5792;20190525;   10;   7.1;   2.5;    3;  23.5;   8;    5.233; 595;   7.1;   4.7;  709.91;   -1.1;   82.75;    3.2;   -3.5;-999;eor
       5792;20190526;   10;   8.2;   3.2;    3;   0.0;   6;    3.350; 605;   7.1;   5.4;  709.98;   -0.9;   94.17;    1.1;   -2.6;-999;eor
       5792;20190527;   10;   7.6;   2.6;    3;  19.7;   8;    0.000; 600;   7.3;   5.5;  706.43;   -0.6;   93.88;    2.3;   -2.2;-999;eor
       5792;20190528;   10;  11.3;   4.6;    3;  48.1;   7;    0.000; 605;   8.0;   4.4;  702.67;   -3.8;   95.54;   -1.9;   -5.8;-999;eor
       5792;20190529;   10;   9.0;   3.6;    3;  18.9;   7;    0.000; 640;   8.0;   3.8;  708.23;   -5.5;   92.50;   -4.8;   -6.2;-999;eor
       5792;20190530;   10;   7.8;   2.7;    3;   0.0;   7;    5.283; 645;   6.5;   4.0;  714.56;   -4.6;   92.21;   -2.0;   -7.1;-999;eor
       5792;20190531;   10;   8.2;   2.9;    3;   0.2;   6;    0.983; 640;   8.0;   5.2;  717.30;   -1.7;   96.46;    1.3;   -5.1;-999;eor
       5792;20190601;   10;   8.9;   3.1;    3;   0.0;   0;   13.600; 635;   4.2;   5.5;  717.61;    1.0;   83.75;    5.2;   -1.7;-999;eor
       5792;20190602;   10;   7.2;   3.6;    3;   0.0;   0;   13.667; 625;   2.8;   5.0;  716.73;    4.2;   60.83;   10.1;    1.0;-999;eor
       5792;20190603;   10;  12.0;   3.6;    3;  15.9;   8;   10.367; 610;   3.3;   6.1;  715.83;    3.8;   76.54;    8.2;    1.3;-999;eor
       5792;20190604;   10;   7.1;   2.3;    3;   0.0;   0;   13.217; 600;   1.6;   5.9;  713.75;    6.0;   63.17;   10.3;    2.6;-999;eor
       5792;20190605;   10;  19.1;   4.3;    3;   0.0;   0;   11.933; 590;   1.7;   5.8;  710.84;    6.0;   61.46;    7.8;    4.2;-999;eor
       5792;20190606;   10;  19.5;   7.1;    3;   2.3;   8;    1.967; 580;   5.4;   6.6;  709.55;    2.3;   91.46;    4.3;    0.6;-999;eor
       5792;20190607;   10;  29.1;  11.4;    3;   0.0;   6;   15.150; 575;   0.6;   5.5;  711.83;    3.6;   70.13;    7.4;    0.4;-999;eor
       5792;20190608;   10;  11.1;   6.7;    3;   0.0;   0;    9.617; 565;   4.3;   6.1;  715.94;    1.3;   91.08;    4.2;   -1.1;-999;eor
       5792;20190609;   10;  21.8;   8.1;    3;   1.5;   6;    8.233; 555;   5.7;   5.8;  717.70;    4.3;   70.67;    6.7;    2.0;-999;eor
       5792;20190610;   10;  24.7;   8.5;    3;   0.3;   6;    6.317; 545;   6.0;   7.5;  712.78;    4.6;   87.79;    6.1;    3.2;-999;eor
       5792;20190611;   10;  27.0;  12.4;    3;   1.4;   6;   10.033; 535;   4.9;   6.5;  709.05;    3.7;   82.25;    7.6;    0.8;-999;eor
       5792;20190612;   10;  29.6;  10.7;    3;   0.5;   6;    8.483; 525;   4.9;   7.2;  708.74;    3.3;   93.08;    5.6;    2.0;-999;eor
       5792;20190613;   10;  16.6;   7.4;    3;   0.0;   0;   15.283; 510;   0.9;   6.0;  712.28;    3.1;   77.88;    5.7;    1.1;-999;eor
       5792;20190614;   10;  23.2;  10.0;    3;   0.0;   0;   12.683; 495;   3.2;   5.4;  716.60;    7.9;   50.25;   11.7;    4.1;-999;eor
       5792;20190615;   10;  20.5;   7.0;    3;  10.7;   8;   10.017; 480;   5.3;   7.7;  714.27;    5.7;   84.08;    8.3;    0.7;-999;eor
       5792;20190616;   10;  11.5;   3.0;    3;   0.0;   4;    0.483; 465;   7.9;   6.3;  715.11;    0.6;   98.46;    3.2;   -1.4;-999;eor
       5792;20190617;   10;   9.0;   3.9;    3;   0.0;   0;   11.350; 455;   3.8;   6.9;  715.89;    4.4;   82.38;    8.9;    0.4;-999;eor
       5792;20190618;   10;  10.0;   2.8;    3;  17.8;   8;   10.533; 440;   5.0;   6.6;  715.51;    5.1;   75.08;    9.5;    1.8;-999;eor
       5792;20190619;   10;  12.2;   3.1;    3;   2.2;   8;   10.283; 425;   5.3;   6.7;  713.87;    5.3;   74.46;    9.2;    2.4;-999;eor
       5792;20190620;   10;  16.2;   4.8;    3;  21.3;   8;    6.150; 415;   7.2;   7.0;  713.17;    3.1;   91.50;    7.5;    0.5;-999;eor
       5792;20190621;   10;   9.3;   3.6;    3;   8.5;   8;    6.550; 400;   6.5;   6.9;  714.80;    3.1;   89.42;    6.3;    0.0;-999;eor
       5792;20190622;   10;  12.5;   4.1;    3;   1.3;   8;    3.650; 390;   7.3;   6.9;  713.74;    3.0;   91.08;    5.9;    1.0;-999;eor
       5792;20190623;   10;   8.4;   2.4;    3;   0.9;   6;    2.600; 380;   7.1;   7.4;  715.21;    3.5;   93.88;    7.3;    1.4;-999;eor
       5792;20190624;   10;   8.7;   3.7;    3;   0.0;   0;   15.600; 370;   2.4;   7.3;  719.99;    8.4;   65.75;   12.1;    4.1;-999;eor
       5792;20190625;   10;  11.3;   4.2;    3;   0.0;   0;   15.683; 355;   1.7;   4.3;  723.95;   12.0;   29.67;   13.1;   10.5;-999;eor
       5792;20190626;   10;   7.8;   3.1;    3;   0.0;   0;   15.500; 340;   0.3;   5.1;  726.90;   13.6;   32.38;   16.2;   12.2;-999;eor
       5792;20190627;   10;  12.9;   4.0;    3;   0.0;   0;    9.983; 330;   3.4;   9.1;  725.19;   11.0;   70.04;   13.0;    6.8;-999;eor
       5792;20190628;   10;  13.4;   3.6;    3;   0.0;   0;   13.400; 320;   3.4;   7.7;  721.31;    7.4;   74.50;    9.8;    4.6;-999;eor
       5792;20190629;   10;  14.0;   2.9;    3;   0.0;   0;   15.967; 310;   0.0;   4.4;  720.93;   11.0;   32.21;   14.8;    7.1;-999;eor
       5792;20190630;   10;  15.1;   4.8;    3;   0.0;   0;   13.000; 300;   1.6;   7.1;  721.95;   11.3;   53.08;   14.5;    9.4;-999;eor
       5792;20190701;    3;  15.6;   4.6;    3;  20.9;   8;    4.067; 285;   7.2;   7.2;  720.56;    8.6;   66.13;   12.0;    4.7;-999;eor
       5792;20190702;    3;  13.7;   4.4;    3;   0.0;   6;    5.817; 280;   7.3;   8.4;  718.02;    5.4;   92.79;    7.9;    2.7;-999;eor
       5792;20190703;    3;  11.3;   4.1;    3;   0.0;   0;    3.250; 270;   7.5;   8.4;  717.38;    4.8;   97.58;    6.2;    3.5;-999;eor
       5792;20190704;    3;  11.7;   4.2;    3;   0.0;   0;   11.967; 260;   4.2;   7.2;  717.87;    5.1;   82.33;    9.3;    0.9;-999;eor
       5792;20190705;    3;  15.6;   4.7;    3;   0.0;   0;    6.283; 255;   5.4;   8.0;  717.38;    5.1;   91.29;    6.9;    3.8;-999;eor
       5792;20190706;    3;  22.1;   6.7;    3;   6.5;   8;    8.650; 245;   3.8;   7.1;  714.93;    5.7;   77.25;    8.4;    4.0;-999;eor
       5792;20190707;    3;  27.5;   7.8;    3;   6.0;   8;    1.133; 235;   7.7;   7.1;  711.70;    2.4;   97.83;    4.2;    0.5;-999;eor
       5792;20190708;    3;  21.3;   7.0;    3;   3.0;   8;    0.000; 225;   8.0;   6.5;  712.08;    0.9;   99.21;    2.0;   -1.0;-999;eor
       5792;20190709;    3;  17.3;   6.5;    3;   0.0;   4;    0.617; 220;   7.9;   6.5;  711.82;    1.0;   99.63;    2.0;   -2.3;-999;eor
       5792;20190710;    3;  11.1;   3.6;    3;   0.0;   7;   10.433; 215;   5.1;   4.4;  712.06;   -1.1;   77.04;    2.1;   -6.6;-999;eor
       5792;20190711;    3;  19.7;   5.3;    3;   4.6;   8;    1.067; 210;   6.5;   4.6;  711.76;    0.4;   73.42;    2.4;   -1.2;-999;eor
       5792;20190712;    3;  22.4;   6.6;    3;  19.2;   8;    0.000; 205;   7.9;   6.2;  710.89;    0.1;   99.67;    1.5;   -1.1;-999;eor
       5792;20190713;    3;  19.2;   5.5;    3;   7.0;   7;    0.000; 202;   8.0;   5.5;  710.85;   -1.4;   99.42;   -0.1;   -2.4;-999;eor
       5792;20190714;    3;   9.0;   2.8;    3;   4.4;   8;    3.550; 206;   6.7;   5.7;  710.90;   -0.6;   96.83;    1.3;   -2.0;-999;eor
       5792;20190715;    3;  10.3;   4.1;    3;   2.1;   8;    5.233; 202;   7.5;   6.0;  710.89;    0.3;   95.67;    2.2;   -1.6;-999;eor
       5792;20190716;    3;  11.1;   2.6;    3;   0.0;   0;    6.183; 195;   6.0;   6.2;  713.59;    1.5;   90.71;    4.9;   -1.1;-999;eor
       5792;20190717;    3;  10.6;   4.1;    3;   0.0;   0;    8.533; 185;   6.2;   5.6;  713.06;    3.1;   72.83;    5.7;    1.2;-999;eor
       5792;20190718;    3;   9.6;   3.1;    3;   0.0;   0;    2.967; 175;   7.5;   6.1;  712.83;    2.1;   85.50;    4.7;    1.0;-999;eor
       5792;20190719;    3;  12.9;   3.6;    3;   0.0;   0;    6.200; 165;   7.5;   7.3;  715.57;    4.6;   85.21;    8.1;    1.5;-999;eor
       5792;20190720;    3;  21.8;   5.0;    3;  10.8;   8;    9.283; 160;   6.3;   7.9;  717.79;    6.9;   78.75;   10.8;    3.2;-999;eor
       5792;20190721;    3;  18.1;   5.4;    3;   5.3;   6;    1.317; 155;   7.7;   8.5;  720.24;    5.1;   97.42;    6.7;    3.7;-999;eor
       5792;20190722;    3;  12.0;   4.5;    3;   0.0;   0;    5.067; 145;   7.2;   9.0;  722.72;    6.0;   96.58;    8.1;    4.3;-999;eor
       5792;20190723;    3;   7.5;   2.9;    3;   0.0;   0;   15.083; 140;   1.8;   7.0;  722.36;   10.4;   54.63;   14.2;    6.0;-999;eor
       5792;20190724;    3;   9.3;   3.4;    3;   0.0;   0;   11.200; 135;   3.1;   8.7;  721.57;   10.7;   67.21;   13.7;    9.0;-999;eor
       5792;20190725;    3;   8.6;   3.8;    3;   0.0;   0;   10.800;   0;   5.8;   9.9;  720.67;   11.1;   74.29;   15.1;    8.8;-999;eor
       5792;20190726;    3;   9.9;   2.6;    3;   0.1;   8;    0.867;   0;   7.7;  10.2;  715.99;    9.2;   86.79;   11.3;    7.9;-999;eor
       5792;20190727;    3;  12.4;   3.5;    3;   8.2;   8;    7.467;   0;   7.6;   8.0;  707.93;    6.7;   81.46;   10.0;    2.6;-999;eor
       5792;20190728;    3;  11.0;   3.4;    3;  42.5;   6;    1.433; 105;   8.0;   8.0;  704.35;    4.3;   96.29;    6.6;    2.7;-999;eor
       5792;20190729;    3;  11.1;   4.0;    3;   0.4;   6;    6.417;  95;   5.1;   8.4;  710.90;    5.5;   92.96;    9.3;    2.5;-999;eor
       5792;20190730;    3;  10.9;   3.7;    3;   0.0;   0;    8.567;  93;   4.8;   7.8;  714.45;    6.2;   81.79;    9.1;    2.3;-999;eor
       5792;20190731;    3;  10.3;   4.1;    3;   5.8;   8;    1.667;  90;   7.5;   7.7;  715.00;    3.8;   96.46;    5.3;    2.3;-999;eor
       5792;20190801;    3;  14.7;   5.8;    3;   0.3;   8;   12.667;  85;   4.9;   6.9;  715.39;    5.0;   78.96;    8.1;    1.7;-999;eor
       5792;20190802;    3;  14.9;   4.1;    3;   7.1;   8;    0.567;  82;   7.9;   6.8;  713.03;    2.1;   95.00;    4.6;   -0.2;-999;eor
       5792;20190803;    3;  16.3;   5.2;    3;   1.3;   8;    0.283;  75;   8.0;   6.6;  712.79;    1.1;   99.67;    2.1;    0.1;-999;eor
       5792;20190804;    3;  13.9;   4.2;    3;   0.0;   0;    9.333;  70;   6.2;   6.5;  714.49;    2.4;   89.42;    4.9;    0.0;-999;eor
       5792;20190805;    3;  17.8;   5.8;    3;  11.5;   6;    3.900;  65;   7.7;   7.0;  715.63;    5.2;   78.50;    6.8;    3.5;-999;eor
       5792;20190806;    3;  23.3;   7.6;    3;  11.7;   8;    0.233;  60;   7.8;   7.6;  715.05;    4.7;   89.92;    7.0;    2.7;-999;eor
       5792;20190807;    3;  26.5;   8.7;    3;   8.7;   6;    2.200;  50;   7.4;   7.6;  712.43;    4.7;   89.42;    7.3;    2.7;-999;eor
       5792;20190808;    3;  17.2;   5.4;    3;   0.0;   0;    8.283;  45;   7.0;   7.6;  713.81;    4.2;   92.42;    6.7;    2.0;-999;eor
       5792;20190809;    3;  18.1;   6.6;    3;   0.0;   0;   12.733;  35;   4.1;   8.1;  716.68;    9.0;   70.58;   13.4;    5.2;-999;eor
       5792;20190810;    3;  16.2;   5.0;    3;   2.3;   6;    1.917;  32;   7.4;  10.4;  717.81;    8.4;   94.29;    9.9;    6.1;-999;eor
       5792;20190811;    3;  21.6;   7.1;    3;   6.8;   6;   11.517;  30;   5.0;  10.1;  717.07;    8.6;   91.08;   11.5;    5.8;-999;eor
       5792;20190812;    3;  24.7;   6.5;    3;  27.5;   8;    1.533;  25;   7.8;   8.5;  714.34;    4.6;   98.79;    7.2;   -0.2;-999;eor
       5792;20190813;    3;   9.1;   3.2;    3;  10.1;   8;    0.017;  20;   8.0;   5.7;  713.07;   -0.9;   98.88;    0.1;   -2.2;-999;eor
       5792;20190814;    3;  15.6;   3.9;    3;   0.0;   0;    6.667;  22;   5.2;   5.0;  712.88;   -1.5;   91.83;    0.5;   -5.7;-999;eor
       5792;20190815;    3;  19.0;   6.5;    3;  10.2;   8;    5.600;   0;   6.3;   5.4;  712.93;    1.0;   82.67;    3.3;   -1.3;-999;eor
       5792;20190816;    3;  20.4;   5.7;    3;   0.0;   0;    3.000;   1;   7.0;   5.4;  714.06;    0.7;   85.83;    3.9;   -2.1;-999;eor
       5792;20190817;    3;  18.5;   7.7;    3;   0.0;   6;    3.200;   0;   7.3;   5.0;  715.04;    5.3;   55.42;    7.2;    2.8;-999;eor
       5792;20190818;    3;  18.5;   6.4;    3;   3.2;   6;   11.700;   0;   2.5;   7.8;  715.84;    9.0;   67.17;   12.0;    6.6;-999;eor
       5792;20190819;    3;  24.4;   6.8;    3;   5.1;   6;    3.450;   0;   7.5;   8.0;  716.69;    5.3;   89.58;    7.8;    2.5;-999;eor
       5792;20190820;    3;  15.0;   5.1;    3;  18.5;   8;    0.833;   0;   7.7;   7.8;  717.56;    3.8;   96.88;    6.6;   -0.1;-999;eor
       5792;20190821;    3;  10.6;   4.3;    3;   0.0;   7;   10.400;   1;   6.4;   7.1;  719.27;    4.6;   84.63;    9.3;   -0.3;-999;eor
       5792;20190822;    3;  11.3;   3.3;    3;   0.0;   0;   12.233;   0;   4.1;   6.2;  720.39;    6.8;   62.79;    9.9;    5.0;-999;eor
       5792;20190823;    3;   7.8;   3.5;    3;   0.0;   0;    9.233;   0;   5.1;   5.2;  720.53;    7.2;   51.63;    9.5;    5.5;-999;eor
       5792;20190824;    3;  10.0;   4.2;    3;  21.1;   8;    6.967;   0;   5.7;   7.8;  719.24;    6.2;   82.21;    9.0;    4.5;-999;eor
       5792;20190825;    3;   7.1;   2.1;    3;   3.1;   6;    6.617;   0;   6.8;   7.7;  718.79;    5.5;   85.13;    8.6;    3.7;-999;eor
       5792;20190826;    3;   7.9;   2.4;    3;   0.7;   6;    5.967;   0;   2.7;   7.5;  718.56;    6.1;   79.25;    8.8;    4.6;-999;eor
       5792;20190827;    3;  12.8;   4.5;    3;   0.0;   0;   10.117;   0;   3.1;   6.8;  718.75;    6.8;   67.54;   10.4;    5.0;-999;eor
       5792;20190828;    3;  12.1;   4.0;    3;   5.1;   6;    6.283;   0;   7.8;   9.1;  718.75;    7.4;   88.29;    9.8;    4.7;-999;eor
       5792;20190829;    3;  12.3;   3.3;    3;   0.0;   4;    0.917;   0;   6.9;   7.6;  719.35;    5.2;   85.92;    7.8;    3.7;-999;eor
       5792;20190830;    3;   5.7;   1.8;    3;   0.0;   0;   10.133;   0;   2.7;   7.8;  720.61;    6.3;   81.67;    9.4;    4.0;-999;eor
       5792;20190831;    3;  13.8;   3.0;    3;   6.4;   6;    7.983;   0;   3.3;   7.0;  717.67;    7.2;   68.88;   11.1;    3.6;-999;eor
       5792;20190901;    3;  10.2;   2.6;    3;  53.9;   8;    2.117;   0;   7.2;   7.7;  714.85;    5.2;   87.29;    8.6;    2.5;-999;eor
       5792;20190902;    3;   8.2;   2.2;    3;   6.7;   8;    0.067;   0;   7.8;   6.8;  715.04;    1.5;   99.58;    3.8;   -1.8;-999;eor
       5792;20190903;    3;  10.8;   5.2;    3;   0.0;   0;   12.833;   0;   1.9;   2.9;  717.45;    1.5;   46.33;    5.8;   -5.3;-999;eor
       5792;20190904;    3;  15.0;   4.9;    3;   0.0;   0;   13.283;   0;   0.3;   4.3;  716.22;    6.1;   46.96;   10.2;    1.9;-999;eor
       5792;20190905;    3;  10.4;   3.2;    3;  19.6;   8;    0.000;   0;   7.7;   5.9;  712.98;   -0.3;   97.75;    2.7;   -4.4;-999;eor
       5792;20190906;    3;  14.1;   6.0;    3;   3.3;   8;    0.000;  10;   7.6;   5.6;  712.26;   -1.0;   97.75;    1.6;   -3.6;-999;eor
       5792;20190907;    3;  10.3;   2.5;    3;   3.6;   7;    0.000;   7;   7.9;   4.8;  710.80;   -2.8;   96.42;   -0.8;   -5.1;-999;eor
       5792;20190908;    3;   9.7;   3.3;    3;  23.7;   7;    0.000;   6;   7.7;   4.1;  707.12;   -4.4;   93.29;   -1.5;   -5.3;-999;eor
       5792;20190909;    3;  16.8;   6.8;    3;   4.9;   7;    2.683;  30;   7.2;   4.0;  706.84;   -4.6;   92.42;   -2.6;   -5.3;-999;eor
       5792;20190910;    3;  16.3;   6.7;    3;   0.0;   0;    8.600;  30;   6.5;   4.6;  711.27;   -1.3;   81.79;    1.0;   -4.2;-999;eor
       5792;20190911;    3;  13.4;   4.5;    3;   0.0;   8;    5.467;  20;   6.5;   5.6;  717.03;    0.5;   88.04;    2.6;   -2.3;-999;eor
       5792;20190912;    3;  13.2;   5.0;    3;  -999;   0;    5.867;  15;   5.5;   6.4;  723.43;    1.5;   93.58;    4.0;   -2.6;-999;eor
       5792;20190913;    3;  10.2;   4.4;    3;   0.0;   0;   12.783;  12;   1.6;   5.8;  726.00;    5.7;   63.21;    8.8;    2.8;-999;eor
       5792;20190914;    3;   9.6;   4.9;    3;   0.0;   0;   12.450;   0;   4.4;   6.2;  724.64;    6.8;   62.46;   10.1;    5.1;-999;eor
       5792;20190915;    3;  11.6;   4.7;    3;  -999;   0;   10.200;   0;   0.9;   6.3;  722.29;    6.7;   64.46;   10.0;    4.3;-999;eor
       5792;20190916;    3;  12.9;   5.3;    3;   0.0;   0;    8.917;   0;   3.2;   6.8;  718.50;    4.6;   80.17;    7.2;    2.8;-999;eor
       5792;20190917;    3;  18.1;   6.6;    3;   0.0;   6;    1.900;   0;   7.6;   7.3;  714.95;    2.6;   99.54;    3.9;    0.8;-999;eor
       5792;20190918;    3;  11.4;   4.9;    3;   0.0;   0;   12.417;   0;   1.7;   3.9;  714.22;    1.2;   58.88;    5.0;   -3.7;-999;eor
       5792;20190919;    3;   7.5;   3.4;    3;   0.0;   0;   11.850;   0;   1.1;   1.6;  715.09;   -0.1;   27.25;    2.5;   -1.6;-999;eor
       5792;20190920;    3;   8.8;   3.9;    3;   0.0;   0;   11.850;   0;   4.9;   2.6;  716.97;    2.8;   33.33;    5.2;    1.2;-999;eor
       5792;20190921;    3;  12.2;   4.9;    3;   0.0;   0;   12.267;   0;   1.5;   3.6;  716.08;    5.8;   38.25;    7.5;    3.9;-999;eor
       5792;20190922;    3;  16.0;   6.2;    3;   0.3;   8;    2.750;   0;   6.5;   6.4;  712.21;    4.9;   74.21;    6.7;    3.1;-999;eor
       5792;20190923;    3;   9.8;   4.1;    3;  16.2;   8;    0.000;   0;   7.7;   5.7;  710.58;   -0.7;   96.92;    3.5;   -2.8;-999;eor
       5792;20190924;    3;  19.1;   5.6;    3;   1.1;   7;    6.883;   7;   6.5;   4.8;  709.37;   -1.3;   85.50;    0.5;   -3.0;-999;eor
       5792;20190925;    1;  18.6;   6.3;    1;   7.8;   8;    0.117;   6;   7.9;   5.5;  706.97;   -1.3;   99.17;    0.1;   -2.6;-999;eor
       5792;20190926;    1;  14.8;   5.4;    1;   5.0;   8;    0.000;   7;   8.0;   6.1;  710.48;    0.0;   99.88;    2.0;   -2.4;-999;eor
       5792;20190927;    1;  23.8;   8.3;    1;   6.5;   8;    4.883;   0;   7.6;   5.9;  712.33;    2.7;   80.33;    5.1;    0.6;-999;eor
       5792;20190928;    1;  18.3;   8.1;    1;   0.1;   7;    5.150;   2;   6.8;   5.7;  712.09;   -0.3;   95.33;    1.6;   -2.3;-999;eor
       5792;20190929;    1;  25.7;  10.7;    1;   0.0;   0;   10.333;   0;   3.5;   4.8;  710.37;    3.1;   60.83;    6.4;   -2.9;-999;eor
       5792;20190930;    1;  29.1;   8.7;    1;   0.0;   8;    2.967;   0;   7.0;   5.5;  709.29;   -0.3;   92.21;    2.7;   -1.9;-999;eor
       5792;20191001;    1;  18.6;   8.8;    1;   9.7;   8;   11.467;   0;   2.2;   5.1;  708.53;    3.5;   65.25;    7.3;   -0.5;-999;eor
       5792;20191002;    1;  21.8;   6.1;    1;  25.1;   7;    0.067;   4;   7.8;   4.7;  703.48;   -3.3;   97.21;    1.2;  -10.1;-999;eor
       5792;20191003;    1;  12.3;   4.0;    1;   1.1;   7;    7.617;  17;   6.0;   2.8;  706.05;   -8.9;   87.96;   -5.9;  -10.8;-999;eor
       5792;20191004;    1;  29.6;   8.0;    1;  25.7;   7;    0.683;  17;   7.2;   3.4;  703.80;   -5.3;   79.63;   -2.2;   -9.8;-999;eor
       5792;20191005;    1;  21.9;   6.8;    1;  35.7;   7;    0.000;  30;   8.0;   4.2;  704.59;   -4.8;   98.54;   -3.5;   -7.0;-999;eor
       5792;20191006;    1;  16.2;   5.5;    1;  16.9;   7;    0.017;  50;   8.0;   4.6;  706.13;   -3.8;   98.63;   -2.7;   -5.7;-999;eor
       5792;20191007;    1;  17.2;   5.8;    1;   1.1;   7;    5.267;  70;   5.3;   3.7;  707.15;   -5.5;   90.46;   -3.1;   -7.7;-999;eor
       5792;20191008;    1;  25.2;   8.8;    1;   0.7;   6;    1.950;  60;   5.9;   5.9;  710.57;    1.3;   83.33;    4.5;   -5.5;-999;eor
       5792;20191009;    1;  26.2;   8.7;    1;  17.1;   8;    1.050;  45;   7.7;   5.6;  707.81;   -0.7;   94.04;    4.2;   -5.6;-999;eor
       5792;20191010;    1;  24.7;   8.8;    1;   3.2;   7;    1.267;  50;   7.1;   3.9;  708.95;   -5.6;   95.67;   -4.8;   -7.6;-999;eor
       5792;20191011;    1;  22.4;  10.3;    1;   0.0;   0;   11.067;  50;   2.2;   3.1;  714.19;   -0.5;   55.58;    3.7;   -8.1;-999;eor
       5792;20191012;    1;  17.9;   8.1;    1;   0.0;   0;    9.000;  45;   3.0;   3.3;  716.00;    5.3;   37.04;    7.6;    3.1;-999;eor
       5792;20191013;    1;  16.6;   7.3;    1;   0.0;   0;   10.600;  42;   0.5;   5.2;  716.92;    5.5;   57.71;    8.1;    3.4;-999;eor
       5792;20191014;    1;  16.1;   7.2;    1;   0.0;   0;   10.617;  30;   1.8;   4.0;  715.15;    6.3;   41.71;    9.1;    4.4;-999;eor
       5792;20191015;    1;  17.0;   5.9;    1;  11.4;   8;    8.617;  23;   3.9;   5.1;  708.22;    2.2;   72.67;    6.1;   -4.7;-999;eor
       5792;20191016;    1;  17.4;   8.0;    1;   0.0;   0;   10.633;  30;   3.1;   3.4;  708.86;   -2.9;   69.04;    1.4;   -7.7;-999;eor
       5792;20191017;    1;  10.4;   3.5;    1;   0.0;   0;    9.733;  23;   4.4;   3.9;  711.17;    1.5;   57.83;    6.5;   -1.4;-999;eor
       5792;20191018;    1;  12.7;   6.0;    1;   0.0;   0;    4.833;  18;   6.7;   5.3;  709.67;   -0.8;   91.33;    0.8;   -2.2;-999;eor
       5792;20191019;    1;  26.3;  11.8;    1;   0.0;   7;    3.250;  18;   6.6;   5.3;  707.48;   -0.5;   90.75;    1.5;   -2.4;-999;eor
       5792;20191020;    1;  26.5;  13.1;    1;   0.0;   0;    0.750;  18;   6.6;   5.7;  709.40;    1.1;   86.50;    2.6;    0.0;-999;eor
       5792;20191021;    1;  21.2;   8.1;    1;   0.0;   6;    4.317;  15;   6.3;   6.3;  715.06;    2.3;   87.88;    4.2;    1.5;-999;eor
       5792;20191022;    1;  18.7;   7.3;    1;   0.0;   0;    8.567;  14;   5.4;   5.2;  717.73;    4.1;   63.58;    7.5;    1.6;-999;eor
       5792;20191023;    1;  21.7;  10.6;    1;   0.0;   0;    9.217;  12;   4.2;   3.1;  714.66;    5.1;   35.04;    7.0;    3.8;-999;eor
       5792;20191024;    1;  18.2;   7.2;    1;   0.0;   6;    3.633;  10;   7.5;   5.0;  711.15;    2.7;   68.83;    5.2;   -0.4;-999;eor
       5792;20191025;    1;  13.1;   5.9;    1;   0.0;   0;    6.833;  10;   3.8;   5.5;  715.49;    1.8;   81.21;    5.4;   -0.5;-999;eor
       5792;20191026;    1;  16.6;  10.0;    1;   0.0;   0;   10.183;  10;   0.1;   4.3;  717.93;    5.5;   47.46;    7.3;    4.4;-999;eor
       5792;20191027;    1;  19.6;   7.6;    1;   2.9;   8;    9.283;  10;   3.2;   4.9;  715.90;    3.0;   66.00;    5.7;   -0.8;-999;eor
       5792;20191028;    1;  14.9;   5.8;    1;   6.0;   8;    0.000;  12;   7.9;   5.7;  711.12;   -1.0;   99.50;   -0.2;   -1.9;-999;eor
       5792;20191029;    1;  16.1;   4.7;    1;  16.1;   7;    0.000;  15;   8.0;   5.4;  709.19;   -1.5;   99.46;   -0.4;   -2.5;-999;eor
       5792;20191030;    1;  19.5;   5.6;    1;  27.0;   7;    0.000;  20;   8.0;   4.8;  710.06;   -3.0;   97.04;   -2.1;   -4.3;-999;eor
       5792;20191031;    1;  16.3;   5.9;    1;   8.4;   7;    3.117;  40;   6.3;   4.5;  709.31;   -3.5;   95.00;   -2.0;   -5.3;-999;eor
       5792;20191101;    1;  25.9;   9.2;    1;   1.0;   7;    3.100;  45;   6.5;   4.7;  705.86;   -2.7;   93.50;   -0.6;   -4.6;-999;eor
       5792;20191102;    1;  22.8;  12.9;    1;   0.0;   7;    1.700;  40;   7.1;   5.1;  699.12;   -1.4;   93.38;   -0.5;   -2.6;-999;eor
       5792;20191103;    1;  24.9;  10.1;    1;   7.2;   7;    0.317;  35;   7.4;   4.8;  690.96;   -2.8;   95.67;   -1.8;   -6.0;-999;eor
       5792;20191104;    1;  26.2;  12.1;    1;   9.4;   7;    6.100;  40;   5.4;   3.5;  693.06;   -5.9;   88.00;   -4.4;   -8.2;-999;eor
       5792;20191105;    1;  18.4;   4.7;    1;  13.8;   7;    0.000;  50;   7.5;   3.3;  693.35;   -7.1;   92.29;   -4.7;   -9.0;-999;eor
       5792;20191106;    1;  11.0;   4.3;    1;   0.1;   7;    2.167;  65;   7.2;   2.9;  695.80;   -8.7;   90.13;   -7.4;  -10.0;-999;eor
       5792;20191107;    1;  17.1;   7.4;    1;   1.3;   7;    6.867;  60;   3.8;   2.5;  696.53;   -8.7;   78.83;   -5.9;  -10.7;-999;eor
       5792;20191108;    1;  22.5;   7.5;    1;   2.2;   7;    1.500;  55;   7.6;   3.2;  694.80;   -7.3;   91.63;   -5.6;  -10.5;-999;eor
       5792;20191109;    1;  18.9;   5.6;    1;   0.9;   7;    0.183;  55;   5.8;   2.2;  697.26;  -11.3;   84.54;   -9.5;  -12.6;-999;eor
       5792;20191110;    1;  20.1;   5.4;    1;   0.0;   4;    9.133;  50;   1.9;   1.4;  699.32;   -9.6;   46.17;   -6.6;  -11.5;-999;eor
       5792;20191111;    1;  22.6;   9.5;    1;   5.0;   7;    7.317;  50;   3.8;   2.5;  700.37;   -6.1;   63.29;   -3.7;   -7.9;-999;eor
       5792;20191112;    1;  13.0;   4.6;    1;  19.3;   7;    0.050;  65;   7.8;   2.4;  695.41;  -11.0;   91.00;   -7.3;  -13.7;-999;eor
       5792;20191113;    1;  13.0;   3.8;    1;   9.8;   7;    0.000;  85;   6.8;   1.9;  692.31;  -13.4;   87.21;  -11.7;  -15.4;-999;eor
       5792;20191114;    1;  36.7;  13.5;    1;   0.0;   4;    5.883;  90;   4.8;   1.4;  694.10;   -8.9;   47.13;   -5.9;  -12.2;-999;eor
       5792;20191115;    1;  35.9;  14.4;    1;  23.4;   7;    0.317;  80;   7.6;   3.4;  692.98;   -6.5;   91.17;   -4.7;   -8.5;-999;eor
       5792;20191116;    1;  25.8;   7.8;    1;  10.1;   7;    5.033;  65;   6.8;   2.6;  698.30;   -8.9;   81.79;   -7.0;  -10.4;-999;eor
       5792;20191117;    1;  21.3;   8.5;    1;  16.1;   7;    0.000;  65;   7.5;   3.5;  695.85;   -6.6;   93.83;   -4.8;  -10.0;-999;eor
       5792;20191118;    1;  19.3;  10.0;    1;   0.1;   7;    7.133;  85;   3.7;   2.3;  698.15;  -10.7;   84.17;   -8.1;  -12.3;-999;eor
       5792;20191119;    1;  18.2;   8.8;    1;   0.0;   4;    6.500;  80;   4.6;   3.4;  703.67;   -6.6;   90.75;   -4.7;   -8.3;-999;eor
       5792;20191120;    1;  14.4;   4.7;    1;   0.0;   4;    8.517;  80;   5.4;   3.3;  703.44;   -4.6;   75.63;   -1.9;   -6.0;-999;eor
       5792;20191121;    1;  17.2;   8.8;    1;   0.0;   0;    6.317;  75;   5.3;   2.9;  700.31;   -6.6;   77.21;   -5.2;   -8.1;-999;eor
       5792;20191122;    1;  26.5;  11.9;    1;   0.0;   4;    1.250;  65;   5.1;   2.7;  699.70;   -6.9;   75.88;   -4.6;   -8.2;-999;eor
       5792;20191123;    1;  38.1;  17.3;    1;   0.0;   4;    3.900;  65;   7.3;   3.6;  696.96;   -5.2;   85.79;   -3.8;   -7.5;-999;eor
       5792;20191124;    1;  20.2;   9.7;    1;   0.0;   0;    0.383;  65;   7.3;   4.1;  701.68;   -3.2;   85.75;   -1.8;   -4.4;-999;eor
       5792;20191125;    1;  10.2;   4.5;    1;   0.0;   7;    8.650;  60;   6.0;   3.9;  704.05;   -1.3;   71.25;    4.8;   -4.4;-999;eor
       5792;20191126;    1;  18.8;   6.1;    1;   0.0;   7;    3.667;  60;   7.3;   3.8;  702.24;   -3.7;   81.96;   -0.1;   -4.7;-999;eor
       5792;20191127;    1;  22.3;   9.0;    1;   0.5;   7;    0.017;  58;   7.0;   3.7;  696.96;   -3.4;   80.25;    1.4;   -7.8;-999;eor
       5792;20191128;    1;  27.8;   9.1;    1;  10.8;   7;    1.633;  58;   7.5;   2.9;  695.44;   -7.5;   85.00;   -5.8;   -9.6;-999;eor
       5792;20191129;    1;  27.5;   8.3;    1;  25.4;   7;    0.000;  65;   7.7;   3.0;  698.97;   -9.0;   95.71;   -8.1;  -10.9;-999;eor
       5792;20191130;    1;  16.3;   7.3;    1;   0.2;   7;    5.517;  85;   4.8;   1.7;  704.62;  -10.9;   66.58;   -6.3;  -13.2;-999;eor
       5792;20191201;    1;  23.7;  10.4;    1;   1.6;   7;    0.000;  75;   7.5;   2.5;  703.85;   -6.1;   65.42;   -4.2;   -7.5;-999;eor
       5792;20191202;    1;  13.8;   4.3;    1;   2.3;   7;    0.000;  73;   7.6;   2.4;  704.90;  -10.7;   86.33;   -6.6;  -14.8;-999;eor
       5792;20191203;    1;   9.7;   3.6;    1;   0.0;   4;    8.683;  73;   2.0;   0.9;  708.89;   -8.0;   24.96;   -1.5;  -13.7;-999;eor
       5792;20191204;    1;  11.8;   4.7;    1;   0.0;   0;    8.633;  72;   0.9;   1.9;  710.50;   -0.4;   31.25;    2.0;   -2.7;-999;eor
       5792;20191205;    1;  10.1;   4.9;    1;   0.0;   4;    8.583;  72;   0.2;   1.0;  711.63;   -0.3;   16.50;    4.5;   -3.2;-999;eor
       5792;20191206;    1;  21.4;   8.3;    1;   1.2;   7;    8.450;  65;   1.2;   1.4;  708.77;   -4.5;   32.25;   -2.3;   -7.2;-999;eor
